[(2, 64), (0.25, 65), (3, 62), (0.5, 62), (0.25, 64), (0.5, 69), (0.5, 65), (1, 65), (0.5, 65), (0.5, 65), (0.5, 62), (0.25, 64), (0.5, 67), (3, 62), (0.25, 67), (1.5, 64), (1, 67)]
[(0.25, 60), (1.5, 65), (1.0, 62), (1, 64), (3, 69), (0.25, 71), (1, 67), (3, 65), (2, 69), (1, 62), (2, 69)]
[(1, 64), (0.25, 71), (1, 64), (1.5, 62), (0.5, 60), (0.5, 67), (1, 69), (3, 69), (1.5, 62), (1, 62), (0.25, 69), (2, 60), (1, 60), (1.5, 65)]
[(1.5, 60), (3, 62), (0.5, 64), (1, 62), (4, 64), (0.5, 64), (4, 60), (1.5, 67)]
[(1.5, 60), (4, 64), (0.5, 60), (1.5, 60), (0.25, 65), (0.5, 67), (2, 69), (4, 71), (1.5, 64), (0.25, 60)]
[(2.0, 69), (1.5, 60), (0.25, 71), (4, 64), (2, 62), (3, 60), (1.5, 60), (0.5, 60), (0.25, 71), (1, 65)]
[(3, 62), (0.25, 69), (1.5, 64), (1, 65), (0.25, 69), (0.5, 60), (0.5, 60), (4, 65), (0.5, 71), (1, 71), (2, 67), (1.5, 64)]
[(2, 62), (0.5, 62), (0.25, 60), (3, 64), (0.5, 65), (1.5, 71), (0.5, 67), (3, 64), (0.25, 69), (4, 62), (0.5, 71)]
[(3, 71), (2, 62), (0.25, 71), (2, 71), (0.5, 71), (1, 62), (0.25, 69), (4, 62), (3, 60)]
[(4, 65), (3, 65), (0.25, 65), (3, 69), (1, 71), (0.5, 69), (0.25, 64), (4, 67)]
[(1.5, 62), (0.5, 67), (0.5, 60), (2, 65), (2, 71), (3, 62), (0.25, 67), (0.25, 69), (2, 71), (2, 64), (2, 71)]
[(2, 65), (2, 69), (2, 60), (2, 67), (2, 71), (0.5, 71), (0.5, 60), (0.25, 65), (0.5, 62), (4, 71), (0.25, 69)]
[(0.25, 65), (0.25, 65), (0.5, 60), (2, 65), (0.25, 69), (3, 64), (4, 67), (0.25, 62), (1.5, 65), (4, 71)]
[(4, 67), (0.25, 67), (4, 64), (3, 62), (0.25, 60), (3, 64), (1.5, 64)]
[(0.25, 62), (1, 60), (1, 71), (4, 62), (1, 60), (1, 65), (1, 65), (3, 64), (0.5, 62), (2, 69), (1, 60), (0.25, 64)]
[(4, 64), (0.5, 67), (1, 64), (3, 67), (0.5, 62), (1.5, 69), (1, 64), (0.25, 62), (1, 71), (0.25, 67), (1.5, 67), (1.5, 62)]
[(3, 60), (4, 71), (1, 69), (1, 62), (3, 69), (3, 64), (1, 62)]
[(1, 71), (2, 60), (4, 62), (4, 64), (4, 69), (1, 67)]
[(0.25, 67), (1, 71), (0.25, 67), (4, 67), (4, 60), (1, 67), (1, 69), (2.0, 64), (1, 60), (1.5, 69)]
[(1.5, 71), (1, 60), (1.5, 62), (0.25, 67), (4, 64), (0.5, 67), (0.25, 60), (0.25, 71), (2, 65), (1.0, 65), (0.5, 65), (0.25, 60), (2, 64), (1, 67)]
[(4, 71), (0.25, 65), (0.5, 64), (0.5, 65), (2, 64), (1.5, 62), (2, 65), (2, 69), (1, 65), (0.25, 62), (1, 62), (1, 65)]
[(1, 71), (1, 62), (0.25, 60), (4, 64), (1, 64), (1, 64), (1, 60), (0.25, 67), (0.25, 65), (0.25, 65), (2, 64), (0.5, 65), (0.5, 67), (3, 69)]
[(0.25, 71), (2, 60), (1, 67), (3, 62), (0.25, 62), (3, 62), (3, 71), (1.5, 71), (1, 71), (0.5, 71), (0.5, 69)]
[(1.5, 65), (1.5, 62), (0.25, 67), (1, 69), (1, 69), (0.25, 64), (0.25, 60), (1, 64), (1, 62), (2, 71), (3, 62), (0.25, 67), (3, 62)]
[(1, 60), (1, 67), (3, 69), (3, 64), (0.5, 71), (0.25, 62), (0.25, 71), (1, 62), (0.5, 60), (4, 69), (1.5, 64)]
[(0.25, 65), (4, 62), (1.5, 69), (0.25, 64), (2, 67), (0.5, 62), (2, 62), (2, 65), (2, 62), (1.5, 65)]
[(1, 69), (1, 67), (2.0, 60), (3, 69), (1.5, 60), (1.5, 62), (1, 67), (3, 65), (1.5, 67), (0.5, 60)]
[(1.0, 71), (0.5, 69), (2, 71), (2, 60), (1, 71), (1, 69), (0.5, 60), (1, 67), (0.5, 65), (3, 64), (1.5, 64), (1, 64), (0.5, 71), (0.5, 65)]
[(3, 60), (1.5, 65), (3, 64), (0.25, 67), (1.5, 65), (0.25, 64), (0.5, 64), (1, 62), (2, 67), (1, 62), (0.5, 71), (1.5, 62)]
[(2, 60), (0.5, 64), (3, 71), (0.5, 69), (1.5, 67), (4, 62), (3, 69), (1.5, 71)]
[(0.25, 71), (0.5, 64), (0.5, 60), (1.5, 60), (0.5, 64), (4, 65), (2, 69), (2, 62), (1, 69), (1.5, 67), (0.25, 67), (1, 69), (1, 65)]
[(0.5, 69), (1, 60), (1.5, 60), (4, 67), (2.0, 60), (2, 67), (2, 62), (1.5, 62), (1.5, 65)]
[(1.5, 69), (1.0, 71), (1, 64), (2, 62), (3, 67), (4, 69), (3, 67), (0.5, 64)]
[(1.5, 71), (4, 71), (1, 69), (0.5, 60), (0.5, 64), (4, 69), (0.25, 67), (0.5, 65), (3, 69), (0.5, 60), (0.25, 69)]
[(1, 67), (4, 67), (1.0, 69), (3, 69), (0.5, 69), (0.5, 71), (2, 60), (4, 60)]
[(0.5, 65), (1, 65), (0.5, 67), (1.5, 67), (1.5, 71), (0.25, 62), (0.5, 67), (0.25, 64), (3, 69), (1.5, 65), (1.5, 64), (1, 69), (3, 65)]
[(3, 69), (0.25, 69), (1.5, 71), (1, 65), (0.5, 65), (2, 64), (3, 60), (3, 69), (0.5, 69), (1.0, 69), (0.25, 67)]
[(0.25, 69), (1.5, 62), (0.25, 60), (4, 60), (0.5, 67), (4, 69), (2, 67), (1.5, 60), (2, 71)]
[(0.5, 71), (1, 62), (3, 71), (0.25, 60), (3, 62), (0.25, 64), (1.5, 65), (4, 65), (0.5, 65), (2, 62)]
[(0.5, 60), (1, 60), (1, 67), (2, 62), (1.5, 64), (1, 69), (1.5, 60), (1, 65), (1.5, 71), (1.0, 71), (4, 69)]
[(0.5, 65), (3, 67), (3, 60), (2, 62), (1, 65), (1.5, 64), (1, 60), (2, 64), (0.5, 65), (1.5, 71)]
[(2.0, 62), (1.0, 71), (4, 60), (2, 60), (1, 62), (1.5, 62), (4, 71), (0.25, 67), (0.25, 60)]
[(2, 62), (0.5, 62), (0.25, 65), (0.5, 60), (2, 62), (3, 71), (0.25, 69), (0.25, 60), (0.25, 71), (0.25, 65), (1, 60), (1.5, 64), (0.25, 65), (1, 69), (1, 62), (0.25, 62), (0.25, 71), (1.5, 67)]
[(0.25, 65), (0.25, 60), (4, 65), (0.5, 71), (0.25, 64), (0.5, 64), (0.25, 71), (1, 62), (0.5, 64), (0.5, 71), (0.25, 67), (1.5, 64), (0.25, 65), (2, 62), (4, 67)]
[(2, 60), (1.5, 65), (3, 69), (0.5, 60), (0.25, 65), (1, 69), (4, 67), (1.5, 64), (0.25, 60), (1, 62), (0.5, 60), (0.5, 64)]
[(1, 65), (0.25, 71), (2, 62), (2, 60), (4, 71), (0.25, 64), (2, 62), (0.5, 67), (1.5, 62), (2, 69), (0.25, 64), (0.25, 67)]
[(1, 69), (1.5, 62), (1.0, 67), (1, 62), (0.5, 64), (1, 64), (0.25, 69), (0.25, 71), (1, 71), (1.5, 69), (3, 65), (4, 69)]
[(0.5, 71), (1, 62), (3, 60), (4, 67), (1, 67), (1.5, 60), (4, 64), (1, 67)]
[(2, 60), (1, 60), (0.5, 60), (0.25, 64), (2, 69), (2, 62), (1.5, 71), (3, 71), (0.25, 71), (0.25, 65), (0.25, 67), (1, 60), (2, 67)]
[(3, 71), (0.5, 69), (1, 65), (1.5, 65), (1.5, 71), (2, 64), (1.5, 64), (1.0, 64), (0.25, 69), (3, 71), (0.5, 64), (0.25, 62)]
[(0.5, 64), (0.25, 64), (1.0, 71), (1, 67), (0.5, 62), (0.5, 67), (3, 69), (3, 65), (3, 60), (0.5, 60), (0.5, 62), (0.5, 62), (0.5, 67), (0.25, 69), (1, 69)]
[(1, 60), (1.5, 62), (1, 62), (4, 69), (0.5, 69), (3, 69), (4, 64), (0.5, 71), (0.5, 67)]
[(0.25, 67), (1.0, 71), (1, 65), (1.5, 64), (1, 69), (3, 71), (4, 67), (2, 71), (2, 65), (0.25, 69)]
[(1.5, 62), (0.25, 71), (0.5, 62), (1.5, 65), (3, 69), (0.25, 60), (0.5, 60), (3, 62), (0.5, 65), (4, 60), (1, 65)]
[(0.25, 65), (4, 64), (3, 65), (2, 64), (1.5, 69), (0.25, 62), (0.5, 67), (4, 69), (0.5, 71)]
[(0.5, 67), (1.5, 60), (1, 62), (0.25, 69), (1, 67), (1.5, 71), (1, 62), (0.5, 64), (2, 65), (0.5, 64), (0.25, 65), (1, 69), (1, 60), (4, 64)]
[(1, 64), (1.5, 65), (4, 64), (1.5, 69), (2, 62), (2, 64), (2, 65), (1, 60), (0.5, 71), (0.5, 67)]
[(1, 60), (0.5, 69), (2, 60), (0.5, 71), (4, 69), (2, 69), (0.5, 71), (1.5, 60), (4, 64)]
[(2, 67), (2, 60), (0.25, 65), (0.5, 64), (0.25, 64), (2, 62), (1.5, 62), (2.0, 64), (0.25, 62), (1.5, 64), (1.5, 67), (2, 62), (0.25, 60)]
[(4, 65), (3, 62), (0.25, 64), (0.5, 60), (2, 62), (1.5, 62), (1.0, 65), (1, 62), (1, 67), (1.5, 71), (0.25, 65)]
[(0.5, 60), (0.5, 60), (2, 62), (1, 65), (0.25, 62), (1.5, 64), (0.5, 64), (1, 69), (1.5, 62), (0.5, 69), (1, 62), (1.5, 60), (0.25, 65), (2, 64), (0.5, 67), (1.5, 62)]
[(0.5, 67), (0.5, 64), (2, 67), (1.5, 65), (0.25, 71), (4, 65), (1.0, 62), (0.25, 65), (1, 67), (3, 60), (2, 62)]
[(1.5, 64), (0.5, 69), (2, 65), (2, 69), (1, 65), (1, 64), (4, 62), (4, 62)]
[(1, 62), (0.5, 67), (3, 62), (0.5, 71), (4, 62), (1, 60), (3, 69), (3, 62)]
[(0.25, 62), (3, 65), (0.25, 60), (2, 71), (0.5, 65), (0.5, 62), (4, 69), (2, 67), (1, 65), (0.5, 69), (2, 67)]
[(4, 62), (1, 65), (0.25, 65), (3, 67), (0.25, 71), (2, 64), (4, 64), (1, 65), (0.5, 69)]
[(1.5, 62), (1.0, 69), (4, 64), (1, 65), (2, 67), (4, 62), (0.25, 65), (0.25, 71), (2, 65)]
[(0.5, 60), (1, 71), (2, 60), (0.5, 65), (0.5, 65), (3, 60), (0.25, 69), (0.25, 62), (4, 67), (1.5, 67), (1, 64), (1.5, 64)]
[(3, 65), (0.5, 62), (0.5, 69), (2, 60), (4, 60), (3, 69), (3, 67)]
[(3, 60), (2.0, 65), (3, 69), (0.25, 60), (0.5, 60), (0.25, 62), (1.5, 69), (1.5, 65), (2, 62), (2, 60)]
[(0.5, 60), (4, 71), (0.25, 71), (2, 64), (1.5, 62), (0.5, 71), (1, 69), (3, 60), (0.25, 67), (3, 64)]
[(0.25, 69), (0.25, 71), (1, 65), (2, 65), (1.5, 67), (1.5, 60), (1.5, 65), (2, 62), (2, 64), (1.0, 71), (0.25, 62), (0.5, 62), (2, 71), (0.25, 64)]
[(4, 69), (2.0, 62), (0.25, 69), (3, 67), (4, 62), (0.25, 60), (0.25, 65), (1.5, 62), (0.25, 65), (0.5, 62)]
[(4, 64), (3, 62), (0.25, 65), (2, 62), (0.5, 69), (0.5, 65), (0.5, 65), (0.5, 67), (1, 64), (0.25, 71), (2.0, 71), (1.5, 71)]
[(4, 64), (1.5, 64), (0.25, 71), (0.25, 71), (3, 65), (0.25, 71), (0.5, 60), (0.25, 71), (4, 64), (2.0, 62)]
[(1, 71), (0.5, 62), (0.25, 60), (3, 65), (1.5, 69), (1.5, 71), (1.5, 71), (2, 62), (4, 71), (0.25, 65), (0.5, 60)]
[(4, 69), (1, 69), (0.25, 62), (1, 65), (1.5, 69), (1, 64), (1, 60), (0.5, 67), (0.25, 67), (0.5, 67), (3, 67), (2, 64)]
[(0.5, 69), (0.25, 69), (1.5, 69), (2, 71), (1.0, 71), (2, 67), (0.5, 67), (0.25, 60), (0.25, 69), (1.5, 69), (2, 60), (4, 69), (0.25, 65)]
[(0.25, 64), (2, 64), (1, 65), (3, 67), (0.25, 69), (4, 65), (0.5, 62), (3, 71), (2, 62)]
[(2.0, 64), (4, 67), (4, 67), (3, 60), (3, 67)]
[(1, 62), (1, 69), (0.5, 60), (2.0, 65), (4, 67), (0.25, 67), (1, 71), (2, 64), (4, 62), (0.25, 71)]
[(1.0, 64), (0.5, 60), (1, 69), (3, 69), (2, 69), (1, 60), (0.5, 71), (1, 62), (0.5, 60), (0.5, 60), (3, 71), (2, 62)]
[(2, 69), (2.0, 71), (0.5, 71), (0.25, 64), (1, 62), (1, 65), (0.25, 62), (0.25, 64), (0.5, 62), (2, 65), (0.5, 64), (0.25, 71), (1, 62), (3, 67), (1.5, 71)]
[(1, 60), (3, 64), (0.5, 65), (1.5, 62), (0.25, 67), (1.5, 60), (3, 64), (1, 69), (2, 62), (1.5, 71), (0.5, 60), (0.25, 65)]
[(4, 67), (2.0, 64), (1, 67), (1.5, 64), (0.5, 67), (1, 64), (0.25, 62), (0.5, 60), (1, 71), (4, 67), (0.25, 62)]
[(4, 60), (0.5, 67), (0.5, 62), (1.5, 65), (1, 65), (3, 69), (3, 64), (0.5, 64), (0.25, 69), (0.25, 71), (1.5, 65)]
[(3, 71), (1.5, 65), (0.25, 60), (2, 64), (0.5, 60), (4, 71), (1.5, 62), (0.25, 71), (1.5, 62), (1.5, 64)]
[(4, 69), (4, 62), (0.5, 64), (1.5, 60), (3, 67), (1.0, 71), (2.0, 60)]
[(1, 62), (3, 71), (0.25, 69), (1.0, 64), (0.5, 62), (4, 64), (0.25, 69), (1, 67), (1.5, 64), (0.5, 60), (2, 60), (1, 69)]
[(3, 71), (4, 64), (1, 64), (4, 64), (3, 65), (1, 62)]
[(0.25, 67), (4, 69), (1.5, 62), (4, 62), (0.25, 64), (2, 60), (4, 69)]
[(2, 65), (4, 62), (0.5, 60), (1.5, 71), (2, 60), (1.5, 67), (2, 69), (1.5, 62), (1, 62)]
[(0.5, 67), (1, 60), (0.5, 60), (3, 64), (3, 62), (0.5, 64), (0.25, 71), (4, 67), (1.5, 65), (0.5, 62), (1.0, 60), (0.25, 69)]
[(0.25, 71), (3, 65), (1.5, 65), (0.5, 69), (0.5, 65), (1, 62), (0.25, 71), (2, 65), (0.5, 65), (1, 64), (2.0, 67), (1, 60), (0.5, 71), (0.5, 60), (1, 62), (0.5, 71)]
[(1, 60), (1, 64), (1.5, 65), (2, 71), (2, 65), (1, 67), (0.5, 65), (1.5, 71), (0.25, 64), (0.25, 71), (1, 62), (4, 65)]
[(3, 64), (1, 64), (4, 64), (0.5, 67), (3, 67), (1.5, 67), (1, 65), (2.0, 71)]
[(4, 62), (4, 60), (3, 71), (2, 62), (3, 71)]
[(3, 71), (4, 64), (1, 60), (1.5, 69), (1.5, 71), (3, 62), (0.5, 65), (1.5, 67)]
[(4, 62), (0.25, 65), (3, 60), (1.5, 71), (1.5, 64), (0.5, 65), (1.5, 69), (0.25, 69), (1, 65), (0.5, 62), (1.5, 69), (0.5, 64)]
[(4, 64), (4, 62), (1, 62), (1, 69), (3, 71), (0.5, 65), (0.25, 62), (0.25, 67), (2, 67)]
[(1.0, 67), (3, 65), (2, 69), (2, 69), (0.5, 69), (2.0, 65), (4, 62), (1.5, 62)]
[(3, 62), (1.5, 65), (0.25, 60), (0.5, 67), (1.5, 62), (1.5, 71), (1, 67), (4, 67), (0.5, 65), (2, 67), (0.25, 71)]
[(1.5, 65), (0.25, 62), (4, 64), (1.0, 60), (0.5, 67), (1.5, 69), (4, 71), (0.25, 69), (3, 71)]
[(0.25, 64), (0.25, 69), (4, 64), (0.5, 62), (4, 71), (0.5, 71), (4, 71), (0.5, 67), (1.5, 62), (0.5, 62)]
[(1, 64), (1.5, 65), (0.25, 71), (0.25, 60), (1.5, 64), (0.25, 65), (0.5, 71), (4, 67), (4, 71), (0.25, 64), (0.5, 64), (2, 64)]
[(1.5, 60), (0.25, 67), (1, 64), (2, 65), (3, 65), (1.0, 71), (0.25, 67), (0.5, 71), (0.5, 69), (4, 65), (2, 69)]
[(0.5, 71), (3, 67), (3, 60), (1, 60), (3, 62), (3, 60), (1.5, 67), (0.5, 62), (0.5, 64)]
[(3, 60), (4, 71), (4, 71), (1.0, 71), (1.5, 60), (0.5, 62), (2.0, 65)]
[(4, 69), (4, 71), (1.5, 67), (3, 69), (2, 60), (1.5, 65)]
[(1.5, 60), (0.25, 60), (3, 69), (1.5, 60), (4, 60), (1, 60), (0.5, 67), (3, 71), (0.5, 62), (0.5, 69), (0.25, 64)]
[(1, 67), (3, 67), (1.5, 64), (0.5, 67), (0.5, 65), (2.0, 64), (4, 67), (1, 67), (0.25, 71), (0.25, 71), (0.5, 64), (1.5, 65)]
[(3, 64), (3, 71), (3, 64), (1.5, 64), (2, 69), (0.5, 67), (1, 69), (0.5, 64), (1.5, 67)]
[(4, 65), (1, 67), (2, 71), (1.0, 67), (2, 65), (0.25, 65), (1.5, 65), (1.5, 69), (1.5, 65), (1, 60), (0.25, 65)]
[(0.5, 71), (1, 69), (1, 62), (1.5, 67), (1.5, 67), (2, 67), (1, 71), (1.0, 65), (1.5, 64), (1, 67), (4, 67)]
[(1.5, 69), (1.5, 65), (2, 67), (2, 67), (1, 62), (0.25, 71), (3, 62), (0.5, 64), (2, 71), (0.25, 69), (2, 64)]
[(0.25, 64), (0.5, 69), (2, 71), (2, 60), (3, 65), (0.25, 64), (3, 65), (3, 64), (2, 71)]
[(1.5, 60), (0.5, 60), (1, 67), (4, 62), (0.25, 71), (1, 60), (0.25, 71), (2, 67), (3, 67), (0.5, 65), (2, 71)]
[(2, 62), (3, 65), (1.5, 64), (0.25, 67), (0.5, 67), (0.5, 62), (0.25, 67), (3, 65), (4, 60), (1, 62)]
[(0.25, 60), (0.25, 62), (2, 60), (0.5, 62), (1, 60), (0.5, 60), (0.5, 62), (1, 64), (1.5, 67), (4, 60), (1.5, 71), (3, 60)]
[(0.5, 65), (0.25, 69), (1, 67), (0.5, 60), (0.25, 71), (0.25, 62), (2, 67), (2.0, 69), (1.5, 60), (1.5, 64), (4, 64), (0.25, 69), (2, 64)]
[(2, 65), (2, 65), (1, 60), (2.0, 69), (4, 60), (4, 60), (0.5, 64), (0.25, 60), (0.25, 67)]
[(1, 64), (2, 64), (1.5, 65), (0.25, 71), (1.5, 60), (1, 60), (1.5, 64), (0.5, 69), (4, 62), (1.5, 64), (1, 67), (0.25, 65)]
[(0.5, 65), (1.5, 71), (0.5, 67), (1, 60), (1, 65), (1, 67), (3, 71), (3, 64), (0.5, 71), (4, 65)]
[(0.25, 65), (0.25, 65), (1, 62), (3, 60), (3, 60), (0.25, 60), (4, 67), (0.25, 67), (1, 62), (0.5, 60), (2.0, 64), (0.25, 62), (0.25, 64)]
[(4, 62), (3, 69), (3, 60), (2, 60), (4, 69)]
[(1.0, 64), (0.25, 60), (4, 60), (4, 65), (0.25, 71), (2, 67), (0.5, 69), (1, 62), (0.5, 60), (0.5, 62), (2, 71)]
[(3, 62), (4, 67), (1.5, 69), (4, 65), (1, 69), (2, 60), (0.5, 65)]
[(0.25, 71), (3, 65), (2, 67), (4, 60), (4, 69), (0.25, 60), (2, 64), (0.5, 65)]
[(0.5, 69), (0.25, 69), (1.5, 69), (0.25, 69), (1.5, 62), (1, 67), (0.5, 62), (3, 67), (4, 60), (0.5, 71), (3, 69)]
[(0.25, 62), (4, 64), (1, 62), (4, 62), (0.5, 64), (0.25, 60), (0.5, 67), (1.5, 64), (2.0, 60), (2, 65)]
[(0.5, 65), (4, 60), (4, 67), (0.25, 64), (1, 67), (0.25, 60), (0.5, 64), (0.5, 60), (1.5, 64), (1.0, 60), (0.25, 62), (0.5, 62), (0.25, 69), (1.5, 69)]
[(1, 67), (4, 71), (0.25, 60), (4, 65), (0.25, 71), (1, 60), (2, 71), (2, 71), (1, 67), (0.5, 60)]
[(4, 64), (0.25, 65), (0.5, 64), (1.5, 64), (1.5, 64), (1, 65), (4, 64), (3, 62), (0.25, 62)]
[(1, 65), (1, 64), (0.5, 71), (1, 62), (0.5, 69), (4, 64), (0.5, 69), (1.5, 64), (0.5, 71), (1.5, 62), (4, 60)]
[(0.5, 62), (0.25, 67), (0.25, 64), (0.5, 71), (4, 64), (1, 60), (1, 64), (2, 67), (0.5, 69), (3, 60), (3, 67)]
[(4, 62), (3, 64), (1.5, 60), (0.5, 64), (0.5, 71), (4, 71), (1, 60), (1.5, 67)]
[(1, 67), (3, 65), (1.5, 64), (4, 69), (4, 60), (2.0, 64), (0.5, 69)]
[(0.25, 64), (0.25, 71), (0.25, 67), (2, 67), (0.5, 65), (3, 60), (1.5, 64), (4, 65), (1.5, 60), (2, 69), (0.5, 69), (0.25, 69)]
[(1.5, 67), (1.5, 62), (2.0, 69), (1.5, 69), (4, 67), (0.5, 67), (0.25, 69), (0.25, 69), (0.5, 65), (0.5, 60), (1.0, 60), (2, 65), (0.5, 62)]
[(1, 71), (3, 60), (1, 60), (0.25, 69), (2, 65), (3, 64), (2, 67), (0.5, 69), (1.5, 71), (1.5, 64), (0.25, 64)]
[(2.0, 65), (2, 62), (3, 65), (0.25, 60), (3, 71), (1, 67), (4, 69), (0.25, 71), (0.5, 67)]
[(3, 69), (0.5, 71), (0.25, 65), (0.5, 65), (3, 67), (2, 69), (0.5, 69), (1.5, 62), (1.0, 60), (0.5, 69), (0.25, 71), (3, 60)]
[(1.0, 60), (0.25, 64), (1, 67), (4, 71), (2, 69), (2, 62), (3, 71), (0.25, 60), (1.5, 67), (1, 65)]
[(0.5, 60), (2, 69), (3, 67), (4, 71), (1, 69), (0.5, 67), (1.5, 60), (3, 71), (0.5, 67)]
[(1, 62), (3, 64), (0.25, 67), (2.0, 62), (0.25, 65), (3, 67), (0.5, 71), (2, 64), (2, 65), (2, 65)]
[(0.25, 71), (3, 64), (0.25, 60), (1.0, 64), (0.5, 62), (4, 60), (0.5, 60), (1.5, 71), (0.5, 62), (0.5, 71), (3, 65), (1, 67)]
[(2, 69), (0.25, 69), (0.5, 71), (1, 64), (3, 64), (0.25, 69), (0.25, 69), (1, 67), (1.5, 60), (1.5, 64), (0.5, 67), (0.25, 65), (4, 67)]
[(2, 71), (1, 60), (4, 65), (0.5, 71), (0.5, 60), (2.0, 60), (3, 64), (3, 67)]
[(4, 69), (3, 64), (2, 65), (1, 69), (3, 71), (1, 64), (2, 65)]
[(2.0, 62), (2, 71), (0.25, 60), (0.25, 60), (4, 64), (0.25, 60), (2, 67), (4, 65), (0.25, 67), (1, 62)]
[(1.5, 60), (1.5, 71), (0.25, 69), (0.25, 67), (0.25, 67), (0.5, 69), (1.5, 62), (0.25, 64), (3, 69), (0.25, 60), (0.25, 69), (4, 65), (1, 67), (1.5, 69)]
[(4, 62), (3, 62), (1, 64), (0.25, 71), (1.5, 65), (2, 64), (1.5, 62), (0.25, 71), (1.5, 69), (0.25, 69), (0.25, 60), (0.5, 60)]
[(4, 60), (1, 62), (0.25, 71), (0.5, 67), (3, 65), (2, 71), (2, 62), (1, 65), (1, 62), (1.0, 69), (0.25, 69)]
[(1, 65), (1, 71), (2, 69), (0.25, 62), (2, 64), (3, 60), (0.25, 62), (1, 69), (1.0, 64), (0.5, 69), (4, 67)]
[(0.25, 67), (1.5, 62), (1.5, 60), (0.25, 71), (2, 64), (2, 62), (0.25, 65), (2, 67), (3, 71), (3, 65), (0.25, 60)]
[(1, 71), (0.5, 60), (1.5, 60), (4, 62), (3, 71), (0.25, 64), (1.5, 65), (0.25, 62), (4, 60)]
[(3, 69), (0.25, 64), (0.25, 65), (3, 71), (0.25, 60), (0.5, 71), (1.5, 64), (0.5, 65), (2, 69), (0.25, 71), (0.5, 67), (0.5, 60), (0.5, 67), (3, 71)]
[(3, 62), (1, 69), (1.5, 65), (2, 67), (0.25, 60), (2, 69), (2, 64), (4, 65), (0.25, 71)]
[(1.5, 62), (1, 64), (3, 64), (2.0, 65), (4, 69), (1.5, 71), (3, 69)]
[(3, 71), (0.5, 71), (1.5, 64), (1.5, 65), (4, 60), (4, 71), (0.25, 71), (1, 67), (0.25, 71)]
[(0.5, 71), (1, 65), (1.5, 65), (2, 64), (3, 71), (4, 65), (4, 64)]
[(1, 67), (0.25, 69), (2, 60), (1.5, 60), (0.5, 60), (1.5, 64), (2, 69), (1, 64), (4, 67), (0.25, 67), (1, 64), (1.0, 62)]
[(1.5, 67), (3, 71), (3, 67), (0.25, 71), (0.5, 65), (1, 64), (0.5, 62), (3, 67), (0.25, 64), (3, 67)]
[(0.25, 64), (0.25, 71), (1, 64), (0.25, 65), (1.5, 62), (0.25, 71), (4, 67), (1, 62), (3, 62), (4, 60), (0.5, 62)]
[(0.25, 60), (2, 64), (4, 60), (2, 65), (0.25, 60), (1, 69), (3, 64), (1.5, 69), (2, 64)]
[(0.25, 71), (1, 62), (4, 60), (1.5, 71), (2, 64), (3, 71), (0.25, 69), (4, 64)]
[(1.5, 69), (2.0, 64), (3, 67), (0.5, 71), (1, 62), (0.25, 69), (1, 71), (0.25, 69), (1.5, 60), (1, 64), (1.5, 62), (1, 67), (1.5, 60)]
[(2, 65), (1, 71), (3, 60), (4, 60), (2.0, 60), (0.5, 60), (1, 71), (1.5, 62), (1, 62)]
[(1, 62), (0.5, 60), (1, 67), (0.25, 69), (3, 71), (2, 60), (2, 64), (0.25, 60), (4, 65), (2, 71)]
[(1, 67), (2.0, 71), (0.5, 71), (1, 71), (0.5, 69), (0.5, 65), (2, 67), (1.5, 67), (3, 65), (1.0, 69), (3, 71)]
[(1.5, 65), (3, 67), (3, 62), (4, 62), (1.5, 64), (2, 67), (1.0, 60)]
[(2, 69), (0.25, 60), (3, 64), (2, 71), (1.5, 67), (3, 60), (1.5, 71), (0.25, 62), (2, 60), (0.5, 69)]
[(0.5, 62), (1, 71), (0.25, 60), (0.25, 62), (1, 69), (2, 62), (2, 65), (1.5, 69), (0.5, 62), (0.5, 60), (0.5, 65), (0.25, 71), (0.25, 71), (3, 69), (1.5, 71), (1, 64)]
[(3, 65), (4, 69), (4, 71), (4, 64), (1.0, 69)]
[(2, 62), (4, 62), (0.25, 65), (0.5, 65), (1.0, 69), (0.25, 67), (4, 62), (2.0, 64), (2, 60)]
[(2, 71), (2.0, 71), (3, 62), (1.5, 62), (4, 67), (1, 67), (1, 71), (0.5, 64), (0.5, 71), (0.25, 65), (0.25, 69)]
[(0.5, 69), (1.5, 71), (2, 67), (4, 67), (2, 62), (1.5, 62), (3, 60), (1.5, 62)]
[(4, 65), (1.5, 69), (0.5, 64), (0.5, 65), (4, 65), (1, 67), (0.5, 64), (0.5, 60), (1, 64), (1.5, 60), (1, 62)]
[(1.0, 60), (4, 64), (0.25, 71), (1.5, 71), (3, 60), (3, 64), (1.5, 65), (1.5, 65), (0.25, 62)]
[(4, 62), (1.0, 69), (3, 67), (2, 69), (1, 62), (3, 67), (2.0, 69)]
[(0.5, 71), (0.25, 64), (3, 60), (3, 60), (1.5, 67), (2, 65), (0.5, 69), (3, 65), (0.25, 62), (2, 67)]
[(2, 71), (4, 65), (1, 69), (4, 67), (0.5, 69), (1.0, 71), (0.5, 62), (3, 64)]
[(0.25, 60), (4, 71), (2, 69), (3, 62), (1, 62), (2, 60), (1.5, 67), (0.25, 60), (2, 60)]
[(0.25, 65), (3, 62), (1.5, 69), (0.25, 60), (0.5, 64), (0.25, 65), (1.5, 64), (2, 69), (0.25, 62), (2, 65), (2.0, 65), (1, 64), (1, 67), (0.5, 65)]
[(1.5, 64), (0.5, 60), (2, 69), (2, 64), (1.5, 69), (2, 62), (2, 62), (2, 71), (2, 62), (0.5, 62)]
[(0.5, 65), (0.5, 65), (0.5, 64), (1, 65), (2, 64), (0.25, 69), (0.5, 67), (2, 69), (0.25, 71), (1.5, 71), (4, 67), (3, 62)]
[(3, 64), (2, 67), (1, 64), (1.5, 62), (0.5, 65), (0.5, 67), (1.0, 65), (0.5, 65), (3, 62), (3, 64)]
[(1, 71), (1, 71), (1, 64), (1.5, 64), (4, 69), (0.25, 69), (1, 71), (1.0, 69), (3, 71), (0.25, 65), (1.5, 60), (0.5, 62)]
[(1.5, 62), (4, 67), (4, 67), (0.5, 65), (2.0, 60), (1, 71), (2, 65), (1, 69)]
[(3, 69), (4, 64), (2.0, 65), (0.5, 65), (2, 69), (2, 64), (1, 62), (1.5, 62)]
[(1, 71), (4, 71), (4, 71), (4, 64), (1.5, 60), (0.5, 69), (1, 67)]
[(0.5, 65), (0.5, 69), (4, 60), (1, 71), (0.5, 62), (1, 69), (1.5, 67), (1, 69), (0.25, 62), (0.25, 64), (1.5, 69), (0.5, 71), (0.5, 71), (2, 62), (1, 71)]
[(1.5, 60), (3, 62), (0.5, 65), (1, 62), (3, 67), (1, 60), (0.5, 67), (0.5, 67), (3, 64), (1.0, 62), (0.5, 67), (0.25, 60), (0.25, 65)]
[(1.0, 65), (4, 64), (1, 62), (0.5, 71), (1, 64), (1.5, 60), (3, 64), (4, 71)]
[(1.5, 69), (0.25, 60), (2, 71), (3, 65), (0.5, 62), (0.25, 62), (4, 60), (0.5, 64), (4, 62)]
[(1.5, 60), (4, 71), (0.25, 65), (0.25, 71), (2, 62), (0.5, 71), (2, 64), (4, 64), (1.5, 62)]
[(0.5, 71), (0.25, 71), (1.5, 67), (3, 64), (1, 65), (3, 71), (0.5, 64), (1, 64), (1, 62), (0.25, 69), (1, 69), (1.5, 62), (1.5, 67)]
[(0.5, 62), (4, 65), (0.5, 67), (0.25, 69), (0.5, 69), (2, 62), (2, 67), (2.0, 67), (4, 71), (0.25, 71)]
[(1, 67), (3, 64), (2, 62), (1.5, 69), (4, 64), (4, 65), (0.25, 71), (0.25, 64)]
[(0.25, 71), (3, 69), (0.25, 62), (1.5, 69), (1, 64), (0.5, 71), (0.25, 65), (1, 64), (1, 60), (0.25, 64), (2, 65), (2, 67), (0.5, 60), (0.5, 64), (2.0, 65)]
[(0.25, 60), (1, 67), (3, 62), (0.5, 69), (3, 65), (0.5, 69), (0.25, 71), (0.25, 69), (2, 64), (0.25, 67), (2, 69), (2, 64), (1.0, 60)]
[(1, 64), (0.5, 60), (1, 69), (4, 67), (0.25, 62), (0.25, 64), (1.5, 67), (4, 69), (0.25, 60), (1, 62), (0.25, 65), (1.5, 71), (0.25, 67), (0.25, 60)]
[(0.25, 62), (0.25, 62), (1.0, 60), (0.25, 62), (1, 62), (2, 71), (3, 64), (2, 65), (4, 64), (0.25, 62), (1.5, 65), (0.5, 69)]
[(1, 71), (0.25, 64), (0.25, 71), (1, 65), (2, 71), (1.5, 65), (0.25, 71), (0.25, 69), (3, 65), (2, 71), (3, 69), (1.5, 62)]
[(0.25, 65), (1, 60), (4, 67), (4, 64), (0.5, 60), (0.25, 62), (2, 65), (4, 71)]
[(2, 65), (1, 62), (0.5, 62), (3, 71), (3, 65), (3, 64), (0.5, 60), (3, 60)]
[(0.5, 62), (1, 60), (1.5, 64), (0.5, 62), (0.5, 67), (4, 69), (4, 71), (0.5, 71), (3, 65), (0.5, 71)]
[(3, 71), (4, 60), (0.25, 62), (1, 67), (0.5, 71), (0.25, 64), (1, 71), (1.5, 67), (3, 69), (1, 62), (0.5, 69)]
[(4, 69), (0.5, 64), (2, 64), (2, 60), (0.5, 60), (1.5, 62), (1.5, 62), (3, 64), (1, 65)]
[(2, 71), (4, 64), (1.0, 60), (2, 62), (3, 62), (1, 67), (0.5, 69), (1, 62), (1.5, 71)]
[(2, 64), (1.5, 71), (2, 65), (1.5, 62), (1.5, 64), (0.25, 69), (1, 69), (0.25, 65), (1, 64), (3, 67), (2, 64)]
[(2, 60), (1, 69), (0.25, 65), (0.25, 62), (2, 65), (2, 65), (1.5, 71), (1, 71), (0.5, 69), (1.5, 60), (4, 67)]
[(4, 67), (0.25, 69), (0.5, 60), (0.25, 64), (1, 62), (1, 67), (0.5, 67), (1.5, 64), (1, 60), (4, 60), (2, 64)]
[(3, 64), (3, 67), (0.5, 71), (3, 64), (3, 69), (1.5, 60), (2, 69)]
[(2, 67), (2, 67), (0.5, 62), (0.25, 71), (4, 64), (1, 69), (1, 62), (4, 69), (1, 60), (0.25, 65)]
[(0.5, 71), (3, 71), (4, 71), (1, 67), (4, 64), (1.5, 67), (2.0, 62)]
[(1, 69), (0.5, 60), (0.25, 71), (1.5, 64), (0.25, 64), (0.25, 71), (1.5, 67), (2, 62), (0.5, 64), (0.25, 65), (3, 60), (0.5, 65), (1, 67), (0.5, 60), (3, 64)]
[(1.5, 65), (0.5, 62), (4, 69), (0.25, 60), (1.5, 62), (0.25, 60), (4, 69), (4, 60)]
[(0.25, 65), (0.5, 62), (2, 65), (2, 64), (0.5, 60), (2, 62), (0.5, 69), (3, 60), (1, 69), (4, 64), (0.25, 62)]
[(1.5, 64), (2.0, 69), (0.25, 62), (0.25, 65), (3, 60), (4, 71), (0.25, 62), (1.5, 69), (3, 65), (0.25, 69)]
[(1.5, 64), (1, 60), (2, 69), (0.25, 67), (0.25, 71), (0.5, 67), (1, 71), (3, 62), (4, 67), (0.5, 62), (2, 71)]
[(0.5, 62), (0.5, 62), (1.5, 67), (0.5, 65), (1, 65), (3, 65), (1, 65), (1, 71), (4, 71), (3, 71)]
[(2, 64), (2.0, 64), (3, 67), (4, 67), (0.25, 71), (1.5, 67), (0.25, 60), (3, 62)]
[(0.5, 62), (1.5, 67), (0.5, 69), (0.25, 60), (0.25, 67), (2, 67), (3, 62), (0.5, 65), (3, 64), (0.5, 69), (4, 60)]
[(1.5, 69), (3, 71), (1.5, 64), (4, 65), (0.25, 60), (0.25, 65), (0.25, 64), (1, 65), (4, 64), (0.25, 64)]
[(2, 71), (3, 71), (0.25, 67), (1.5, 60), (4, 67), (4, 69), (0.25, 62), (1, 60)]
[(4, 60), (1, 60), (2, 62), (0.25, 60), (1.0, 62), (0.5, 67), (0.5, 60), (0.25, 64), (2.0, 64), (4, 64), (0.5, 71)]
[(4, 67), (0.25, 71), (2, 71), (0.25, 67), (1.5, 65), (1, 71), (0.25, 60), (0.5, 64), (1, 67), (3, 69), (0.5, 65), (1.5, 67), (0.25, 65)]
[(2, 62), (0.25, 71), (1.5, 65), (2, 64), (4, 62), (0.25, 62), (4, 65), (1.5, 67), (0.5, 67)]
[(0.5, 71), (2, 71), (4, 65), (3, 71), (0.25, 65), (1.5, 69), (0.5, 60), (2.0, 67), (1, 62), (1, 67), (0.25, 67)]
[(0.25, 71), (1, 62), (1.5, 71), (1.5, 71), (2, 67), (2, 67), (1, 65), (0.25, 65), (0.25, 65), (0.5, 62), (4, 60), (0.25, 64), (0.5, 64), (1.0, 67)]
[(2.0, 62), (0.25, 62), (0.5, 64), (1, 67), (1.5, 64), (4, 67), (1, 65), (0.25, 60), (4, 64), (0.25, 65), (1, 69), (0.25, 65)]
[(4, 64), (0.25, 64), (0.25, 60), (1.5, 65), (1.5, 71), (2, 64), (0.25, 67), (0.5, 65), (0.25, 62), (1.5, 69), (4, 60)]
[(1, 71), (1.5, 69), (1.5, 69), (1, 60), (2, 62), (1, 62), (0.25, 60), (1.0, 69), (2.0, 71), (0.25, 69), (2, 64), (0.5, 67), (1, 60), (1, 67)]
[(2, 64), (1, 67), (3, 62), (1.5, 71), (0.5, 64), (0.5, 60), (0.5, 71), (2, 67), (1.5, 69), (1.5, 62), (0.25, 62), (1.5, 64), (0.25, 71)]
[(2, 67), (3, 60), (1.5, 69), (0.25, 60), (2, 60), (3, 71), (0.25, 62), (3, 65), (1, 62)]
[(1.5, 62), (0.25, 64), (0.5, 69), (1, 71), (0.5, 67), (4, 64), (3, 64), (1.5, 60), (0.5, 62), (0.25, 69), (3, 67)]
[(4, 64), (0.25, 64), (0.5, 65), (1.5, 60), (0.25, 64), (2, 69), (4, 71), (0.5, 62), (1, 65), (2, 62)]
[(1, 62), (0.5, 65), (0.25, 60), (1, 67), (0.5, 65), (4, 71), (1.5, 64), (1, 71), (0.25, 64), (0.5, 62), (0.25, 64), (1.5, 62), (3, 62), (0.25, 65), (0.5, 65)]
[(4, 62), (3, 69), (0.25, 65), (1.5, 64), (0.5, 65), (0.5, 64), (1.5, 71), (4, 64), (0.5, 71), (0.25, 60)]
[(0.25, 67), (0.25, 60), (0.5, 60), (1.0, 60), (3, 64), (1.5, 67), (0.5, 62), (0.25, 64), (0.25, 64), (0.25, 71), (0.25, 71), (0.5, 65), (1, 64), (3, 71), (3, 67), (0.5, 65)]
[(2, 65), (2, 67), (1, 62), (0.25, 71), (3, 65), (0.25, 65), (3, 69), (0.25, 71), (2, 71), (2.0, 64), (0.25, 64)]
[(3, 67), (0.5, 60), (2, 60), (0.5, 60), (1, 67), (2.0, 64), (2, 67), (4, 60), (0.5, 67), (0.25, 69), (0.25, 62)]
[(3, 64), (1.0, 65), (1.5, 64), (1.5, 60), (1.5, 65), (1.5, 67), (1.5, 64), (4, 69), (0.5, 64)]
[(3, 67), (1, 60), (0.25, 65), (0.25, 62), (4, 65), (1.5, 64), (1.5, 62), (1, 67), (1.5, 67), (2, 71)]
[(2, 69), (4, 64), (1.5, 71), (0.25, 71), (2, 67), (0.25, 60), (1.5, 67), (2, 65), (0.5, 69), (2, 64)]
[(2, 65), (2, 65), (0.5, 65), (1.5, 62), (0.25, 62), (4, 65), (0.25, 64), (1.5, 64), (4, 67)]
[(3, 65), (3, 60), (0.5, 60), (0.5, 62), (4, 60), (1.5, 65), (1, 69), (0.25, 69), (0.25, 71), (0.5, 62), (1.5, 64)]
[(3, 60), (2, 64), (1, 71), (1.5, 64), (1, 71), (1, 60), (4, 65), (0.5, 67), (2, 71)]
[(1, 65), (1, 62), (2, 62), (1.5, 60), (0.5, 60), (0.5, 67), (1, 60), (4, 65), (1, 71), (0.5, 71), (1, 62), (0.25, 69), (0.25, 69), (1.5, 71)]
[(3, 67), (2, 62), (2.0, 67), (0.25, 62), (2, 69), (1, 64), (0.25, 71), (2, 64), (1.5, 64), (2, 62)]
[(1, 60), (3, 65), (2, 67), (1, 69), (2, 65), (1.5, 64), (3, 71), (2, 60), (0.5, 65)]
[(1.5, 64), (0.25, 62), (0.25, 62), (1.5, 71), (1.0, 65), (0.5, 69), (4, 67), (1, 71), (0.5, 71), (0.5, 71), (3, 60), (0.25, 71), (1.5, 64), (0.25, 60)]
[(0.25, 60), (1, 71), (1.5, 67), (0.5, 64), (4, 60), (0.5, 65), (1, 71), (0.5, 62), (0.5, 71), (2, 67), (0.5, 65), (1.5, 64), (1, 65), (1.0, 69), (0.25, 71)]
[(1.5, 65), (0.5, 60), (2, 69), (0.5, 62), (4, 60), (0.25, 71), (1, 71), (2, 60), (3, 60), (0.25, 71), (1, 62)]
[(3, 65), (1.5, 64), (1, 69), (4, 62), (1, 60), (0.5, 67), (1, 69), (3, 67), (1, 60)]
[(4, 67), (3, 64), (1, 64), (3, 71), (1, 60), (4, 67)]
[(1.5, 65), (3, 62), (0.5, 71), (1.5, 64), (0.25, 62), (4, 64), (0.25, 69), (1, 65), (2, 62), (2, 62)]
[(1.5, 60), (1, 69), (2.0, 69), (3, 60), (0.25, 71), (1.5, 60), (1.5, 69), (4, 67), (1, 67), (0.25, 65)]
[(0.25, 71), (4, 64), (1.5, 65), (0.25, 62), (1.5, 64), (4, 67), (0.25, 65), (0.25, 60), (2, 60), (2, 69)]
[(2, 71), (0.25, 65), (0.25, 64), (0.25, 69), (3, 60), (4, 62), (0.5, 69), (4, 71), (0.25, 71), (1.5, 69)]
[(0.25, 64), (4, 69), (1.0, 67), (1, 64), (3, 62), (1, 71), (1, 69), (0.25, 67), (0.25, 60), (0.5, 69), (0.5, 69), (1.5, 67), (0.25, 71), (1.5, 64)]
[(3, 60), (0.5, 69), (1.5, 65), (1, 62), (0.5, 67), (1.5, 69), (0.5, 71), (0.5, 67), (1, 69), (0.25, 62), (3, 62), (1, 65), (1.5, 62), (0.25, 67)]
[(2, 67), (2, 69), (1, 64), (3, 67), (1, 62), (0.5, 65), (2, 71), (2, 65), (2.0, 60), (0.5, 71)]
[(2, 67), (1, 60), (0.25, 71), (3, 71), (4, 62), (4, 71), (0.25, 65), (1.5, 69)]
[(4, 64), (0.5, 67), (4, 71), (4, 69), (3, 65), (0.5, 64)]
[(0.25, 64), (0.5, 64), (0.25, 67), (4, 71), (2, 60), (2, 67), (4, 62), (1.5, 65), (1.0, 67), (0.5, 64)]
[(0.5, 71), (3, 65), (1.5, 69), (3, 60), (3, 69), (1.0, 67), (0.5, 60), (0.5, 69), (0.25, 60), (0.25, 62), (2, 62), (0.5, 69)]
[(0.5, 71), (3, 64), (3, 64), (1, 71), (0.25, 60), (3, 67), (0.25, 67), (4, 60), (1.0, 62)]
[(1, 62), (0.5, 65), (1, 65), (1, 64), (3, 62), (1, 60), (0.5, 62), (2, 64), (0.25, 69), (0.25, 71), (0.5, 65), (2, 60), (1.5, 60), (1.5, 64)]
[(1, 64), (4, 60), (1.5, 60), (1.5, 69), (1, 69), (1.5, 71), (0.5, 62), (0.5, 60), (3, 67), (1.0, 69), (0.5, 62)]
[(1, 64), (4, 62), (1, 62), (2, 65), (3, 60), (2, 62), (3, 67)]
[(1.5, 62), (2, 67), (1.5, 64), (3, 60), (1.5, 64), (1.5, 64), (0.25, 71), (0.5, 65), (0.25, 69), (4, 69)]
[(3, 64), (1, 67), (0.5, 67), (3, 69), (1.5, 67), (3, 67), (2.0, 64), (1.0, 62), (0.5, 65), (0.5, 64)]
[(1.5, 67), (1, 67), (3, 67), (0.5, 71), (0.25, 65), (3, 64), (0.5, 60), (1.5, 71), (0.25, 67), (1.5, 65), (3, 67)]
[(3, 65), (3, 62), (1.5, 62), (0.5, 64), (0.5, 64), (4, 69), (0.5, 69), (1.5, 64), (1.5, 69)]
[(2, 65), (0.5, 60), (2, 64), (3, 62), (1.5, 71), (1, 69), (0.25, 67), (0.25, 62), (1, 67), (1.5, 65), (3, 71)]
[(2, 64), (0.25, 62), (1, 60), (0.5, 65), (1, 65), (0.25, 65), (0.25, 71), (0.25, 60), (3, 69), (3, 64), (4, 69), (0.5, 62)]
[(4, 69), (0.25, 69), (0.25, 67), (4, 60), (1, 65), (0.5, 69), (1.5, 60), (0.25, 67), (4, 71), (0.25, 71)]
[(1.5, 71), (3, 60), (1.5, 69), (0.25, 60), (1, 71), (0.5, 71), (4, 69), (0.25, 69), (4, 71)]
[(3, 64), (0.5, 64), (1.5, 69), (1.5, 69), (1, 69), (1, 65), (0.25, 71), (4, 67), (0.25, 69), (2.0, 62), (1, 62)]
[(1.0, 62), (4, 60), (1.5, 60), (4, 65), (1.5, 65), (2.0, 71), (2, 69)]
[(3, 65), (3, 67), (0.5, 67), (0.5, 67), (4, 62), (1.5, 60), (0.5, 69), (3, 65)]
[(4, 64), (4, 62), (1, 62), (0.5, 67), (3, 67), (2, 71), (0.5, 60), (1, 65)]
[(1, 62), (1.5, 71), (0.5, 62), (1, 71), (0.5, 60), (4, 65), (0.25, 65), (0.25, 64), (1, 62), (3, 67), (1.5, 60), (1.5, 69)]
[(1.5, 60), (1, 71), (3, 60), (1, 60), (3, 60), (2, 67), (1.5, 64), (3, 64)]
[(0.25, 69), (1.5, 71), (0.5, 65), (3, 71), (2, 69), (0.25, 71), (0.5, 65), (3, 62), (4, 62), (1, 64)]
[(3, 65), (3, 65), (0.5, 67), (1.5, 62), (1, 64), (4, 60), (1.5, 67), (0.25, 71), (0.25, 69), (1, 65)]
[(3, 60), (2, 69), (4, 67), (2, 65), (0.5, 60), (0.5, 65), (3, 69), (1, 64)]
[(4, 62), (1, 62), (0.5, 65), (0.5, 67), (0.5, 67), (0.25, 67), (2, 60), (0.25, 65), (0.5, 62), (1, 62), (1.5, 71), (4, 67)]
[(1.5, 71), (2, 65), (0.25, 60), (4, 64), (1, 67), (2, 69), (0.5, 64), (0.25, 71), (1, 67), (1.0, 67), (1, 65), (1.5, 69)]
[(3, 69), (1.5, 65), (2.0, 69), (0.25, 62), (1.5, 69), (1, 62), (1.5, 64), (1.0, 60), (0.25, 69), (4, 71)]
[(4, 67), (0.25, 62), (1.5, 67), (1, 62), (1.5, 69), (1.5, 64), (1, 71), (1.5, 62), (1, 62), (1.5, 62), (0.5, 60), (0.5, 64), (0.25, 67)]
[(0.25, 71), (1.5, 69), (1.5, 71), (2, 60), (0.25, 65), (4, 65), (0.25, 65), (0.25, 69), (4, 60), (0.5, 65), (1.5, 60)]
[(3, 67), (0.25, 60), (4, 62), (1.0, 65), (0.25, 60), (0.25, 69), (1, 65), (2, 64), (0.25, 60), (4, 60)]
[(4, 69), (2, 64), (1.5, 65), (2, 67), (0.5, 64), (0.25, 71), (1, 69), (1.5, 62), (0.25, 67), (3, 69)]
[(2, 65), (1, 60), (1.5, 71), (3, 71), (2, 60), (1.5, 64), (0.5, 64), (2, 67), (1.5, 64), (1, 69)]
[(0.5, 71), (3, 62), (1.5, 67), (0.5, 69), (1.5, 69), (4, 65), (1.5, 62), (2, 64), (1.5, 71)]
[(2, 64), (0.5, 60), (2, 71), (0.25, 65), (1.5, 64), (0.5, 62), (1, 69), (2, 62), (0.25, 69), (2, 67), (0.5, 64), (2, 67), (1.5, 60)]
[(1, 64), (1, 67), (1.5, 60), (0.25, 71), (1.5, 60), (1.5, 69), (1, 69), (0.25, 65), (1, 69), (0.25, 60), (3, 64), (2, 71), (0.5, 64), (0.25, 67), (0.5, 67), (0.5, 65)]
[(1, 65), (3, 62), (1.5, 71), (4, 69), (2, 65), (2, 65), (2.0, 65), (0.5, 69)]
[(0.25, 67), (3, 69), (0.25, 60), (1, 64), (2, 67), (3, 67), (1, 60), (1.5, 71), (4, 67)]
[(0.25, 71), (0.5, 65), (0.5, 60), (4, 65), (0.25, 69), (0.5, 64), (1.5, 64), (2, 71), (1.5, 69), (2, 67), (2, 62), (0.25, 65), (0.5, 71), (0.25, 71)]
[(3, 65), (1, 62), (2, 60), (1, 67), (1.5, 62), (3, 67), (1.5, 71), (1, 71), (0.5, 67), (0.5, 60), (1, 62)]
[(0.25, 71), (3, 60), (2, 71), (1.5, 71), (4, 60), (4, 64), (0.25, 62), (1, 64)]
[(4, 60), (2, 67), (1.5, 64), (1.5, 62), (4, 64), (2, 60), (1, 65)]
[(1, 64), (1.5, 65), (0.25, 69), (0.25, 65), (0.25, 64), (0.5, 67), (0.5, 67), (0.25, 69), (1.5, 71), (0.5, 69), (1, 69), (1.5, 60), (1, 65), (4, 67), (1, 65), (1, 64)]
[(2, 62), (0.5, 62), (2, 62), (4, 62), (0.5, 69), (0.5, 67), (1.5, 71), (1, 69), (1.5, 69), (1.5, 67), (1, 62)]
[(0.25, 62), (0.25, 67), (4, 71), (2, 64), (0.25, 64), (4, 62), (0.25, 64), (1, 67), (1.5, 65), (0.25, 60), (0.25, 69), (2, 71)]
[(4, 64), (0.5, 60), (0.5, 69), (2, 65), (2, 67), (0.25, 69), (1.5, 62), (0.25, 71), (1, 71), (2, 62), (1, 62), (1, 60)]
[(3, 69), (1.0, 71), (3, 67), (0.5, 64), (4, 67), (0.5, 65), (2, 64), (2, 62)]
[(4, 71), (1.5, 71), (0.5, 62), (3, 60), (1, 69), (1, 65), (1.5, 71), (2, 69), (0.5, 65), (1, 62)]
[(3, 62), (2, 62), (1, 62), (1.5, 60), (4, 69), (4, 60), (0.5, 71)]
[(0.5, 67), (1.5, 69), (1, 67), (1, 67), (2, 65), (3, 60), (4, 71), (1.5, 67), (1.5, 65)]
[(0.25, 69), (1, 69), (0.5, 64), (1.5, 62), (2, 69), (0.25, 71), (2, 69), (0.5, 64), (0.5, 64), (0.5, 65), (4, 64), (3, 69)]
[(4, 69), (0.25, 69), (1, 65), (0.5, 69), (1.5, 71), (2, 67), (1, 71), (1.5, 71), (4, 65), (0.25, 65)]
[(0.5, 62), (4, 64), (1.5, 65), (2, 64), (0.5, 69), (2.0, 69), (0.5, 71), (1.5, 69), (0.25, 69), (0.25, 71), (3, 60)]
[(2, 62), (4, 60), (0.25, 71), (1.5, 65), (1.5, 65), (3, 67), (2, 60), (0.25, 60), (1.0, 69), (0.5, 64)]
[(0.25, 65), (3, 71), (1.0, 60), (4, 62), (2, 60), (1.5, 69), (0.25, 71), (4, 62)]
[(1, 67), (1, 65), (0.5, 60), (3, 60), (0.5, 62), (1.5, 60), (0.5, 67), (1, 69), (0.5, 69), (0.5, 64), (0.5, 69), (1, 65), (0.5, 71), (2, 67), (2, 65)]
[(0.25, 60), (0.5, 69), (3, 60), (4, 71), (2, 65), (4, 71), (0.5, 71), (1.5, 64), (0.25, 65)]
[(0.25, 67), (0.25, 67), (3, 67), (1, 67), (1, 60), (1.5, 71), (1.5, 60), (4, 65), (3, 60), (0.5, 65)]
[(3, 60), (4, 60), (1, 67), (2, 67), (2, 65), (1.5, 71), (0.5, 65), (2, 65)]
[(4, 67), (0.5, 69), (3, 71), (0.25, 60), (3, 60), (2, 71), (1, 64), (2, 65), (0.25, 71)]
[(0.5, 62), (1.5, 71), (4, 65), (0.5, 67), (2, 65), (2, 67), (0.25, 67), (3, 62), (0.25, 71), (2, 67)]
[(1, 60), (4, 67), (3, 62), (1, 69), (1.5, 62), (0.5, 64), (1, 62), (4, 60)]
[(1.0, 71), (1, 71), (3, 64), (1, 69), (2, 69), (0.5, 69), (0.5, 62), (3, 67), (2, 62), (1, 67), (1, 71)]
[(3, 64), (4, 67), (4, 65), (0.25, 71), (0.5, 69), (0.25, 60), (2, 60), (0.5, 69), (1.5, 64)]
[(3, 69), (1.5, 64), (0.5, 62), (1.5, 60), (0.25, 65), (1.5, 64), (1.5, 62), (2, 64), (4, 65), (0.25, 69)]
[(0.25, 64), (4, 64), (4, 60), (2, 65), (0.25, 71), (0.25, 69), (0.5, 69), (1.5, 62), (0.25, 69), (1, 65), (2, 65)]
[(0.5, 65), (0.5, 62), (2, 64), (0.5, 65), (0.25, 65), (0.25, 71), (1.5, 60), (1.0, 62), (2.0, 69), (0.25, 62), (2, 64), (1.5, 69), (0.25, 67), (0.25, 67), (0.25, 62), (2, 65), (1, 69)]
[(4, 64), (1, 65), (1.5, 60), (1, 64), (0.5, 65), (3, 62), (1, 69), (1.5, 69), (1.5, 67), (1, 60)]
[(1, 65), (2, 67), (0.25, 65), (0.5, 71), (2, 69), (0.5, 69), (1, 65), (3, 69), (1, 62), (1, 65), (0.25, 62), (3, 69), (0.5, 69)]
[(0.25, 67), (0.5, 71), (0.25, 67), (1.5, 62), (3, 71), (4, 62), (3, 69), (0.5, 67), (3, 67)]
[(0.5, 65), (4, 62), (3, 69), (1.5, 60), (4, 64), (3, 67)]
[(4, 62), (1, 69), (0.25, 69), (3, 67), (0.25, 71), (0.5, 71), (0.5, 64), (1.5, 64), (2.0, 64), (1.5, 60), (1.5, 62)]
[(1, 64), (3, 65), (3, 60), (4, 62), (1.5, 67), (2.0, 65), (1.5, 69)]
[(2, 64), (1.5, 64), (3, 60), (0.5, 65), (1, 64), (3, 69), (1, 69), (4, 64)]
[(0.25, 69), (4, 62), (0.5, 60), (1.5, 64), (4, 60), (1.5, 64), (1, 67), (2, 62), (0.25, 60), (1, 69)]
[(1, 71), (0.5, 65), (0.25, 64), (0.25, 71), (0.25, 71), (1.5, 71), (1, 65), (3, 65), (1.5, 71), (0.5, 69), (0.5, 65), (4, 67), (0.5, 62), (0.25, 64), (1, 67)]
[(1.5, 62), (0.25, 64), (4, 60), (4, 64), (0.25, 65), (3, 71), (3, 65)]
[(3, 60), (1, 67), (0.25, 67), (0.5, 67), (0.25, 71), (0.5, 69), (4, 65), (2, 67), (1, 60), (2.0, 69), (1.5, 69)]
[(0.5, 60), (0.25, 62), (0.5, 65), (2, 69), (0.25, 62), (1.5, 69), (4, 71), (1, 69), (0.5, 71), (1.5, 69), (4, 71)]
[(0.5, 65), (2, 62), (0.5, 65), (1.5, 60), (0.25, 62), (3, 71), (0.25, 64), (4, 67), (0.25, 62), (1.5, 67), (0.5, 62), (1.5, 64), (0.25, 65)]
[(0.5, 69), (1.5, 71), (4, 69), (1, 65), (2, 67), (1.5, 65), (1, 67), (3, 67), (0.25, 69), (0.5, 67), (0.5, 62), (0.25, 64)]
[(4, 71), (1, 69), (3, 67), (1, 67), (1, 65), (4, 60), (2, 62)]
[(4, 69), (3, 67), (1, 64), (1.5, 65), (1, 60), (4, 62), (0.25, 62), (1, 69), (0.25, 60)]
[(0.25, 64), (2, 62), (1.5, 71), (1, 62), (2, 65), (1, 67), (1.5, 60), (0.25, 69), (2, 71), (4, 65), (0.5, 71)]
[(4, 71), (3, 67), (3, 67), (0.5, 62), (2, 67), (3, 60), (0.5, 69)]
[(0.25, 62), (2.0, 65), (4, 65), (1, 65), (2, 71), (2, 64), (1.5, 62), (1.5, 69), (0.25, 62), (0.25, 71), (0.25, 71), (1.0, 67)]
[(0.5, 69), (0.5, 69), (3, 71), (1, 65), (3, 64), (0.5, 60), (4, 71), (0.5, 69), (1, 62), (2, 64)]
[(3, 60), (0.5, 67), (0.5, 67), (4, 65), (0.5, 69), (0.25, 67), (1, 65), (0.25, 69), (4, 64), (1, 71), (0.25, 64), (0.25, 71), (0.25, 67), (0.25, 69)]
[(3, 60), (2, 60), (2, 62), (1.5, 69), (0.25, 67), (1.5, 64), (2, 64), (1, 67), (1, 64), (0.25, 65), (1.5, 60)]
[(0.5, 67), (1.5, 69), (4, 60), (0.5, 67), (0.5, 71), (1.5, 69), (1.0, 65), (2, 69), (4, 60), (0.25, 62), (0.25, 60)]
[(0.25, 69), (4, 62), (0.5, 62), (2, 65), (0.25, 60), (3, 65), (1.0, 60), (1.5, 67), (1.5, 62), (2, 60)]
[(0.5, 62), (1.5, 62), (0.5, 62), (1, 64), (3, 65), (1.5, 69), (0.5, 64), (2, 62), (0.5, 67), (3, 69), (1.5, 69), (0.25, 62), (0.25, 69)]
[(0.5, 64), (2, 65), (0.25, 64), (2, 67), (0.25, 69), (0.5, 71), (0.25, 62), (4, 67), (0.25, 65), (1.5, 69), (3, 69), (1.5, 69)]
[(4, 67), (4, 65), (4, 65), (4, 64)]
[(0.5, 60), (3, 69), (0.25, 64), (0.5, 71), (1, 60), (3, 71), (1, 65), (1, 65), (3, 67), (0.25, 69), (0.25, 64), (1.5, 69), (0.5, 64), (0.25, 62)]
[(0.25, 69), (1, 67), (1.5, 60), (3, 60), (0.5, 65), (0.25, 62), (0.25, 60), (2, 62), (0.25, 71), (4, 67), (2, 60), (1, 65)]
[(3, 71), (3, 67), (0.25, 69), (2, 62), (0.25, 71), (0.25, 67), (2, 60), (0.5, 64), (1.5, 60), (0.25, 65), (3, 71)]
[(1.5, 67), (1.5, 71), (0.5, 62), (2.0, 71), (1.5, 69), (0.25, 67), (1, 69), (0.5, 67), (0.25, 60), (1, 69), (3, 65), (0.5, 69), (2, 69), (0.5, 67)]
[(3, 62), (0.25, 64), (0.5, 60), (3, 64), (1, 64), (1.5, 60), (4, 69), (0.25, 67), (2, 62), (0.5, 71)]
[(1.5, 60), (1.5, 69), (0.5, 62), (1, 69), (0.25, 71), (0.25, 64), (0.25, 64), (2, 64), (1, 69), (0.5, 62), (4, 62), (3, 67), (0.25, 62)]
[(0.5, 60), (2, 67), (0.25, 71), (3, 62), (2, 60), (0.25, 64), (4, 69), (0.5, 69), (3, 62), (0.5, 65)]
[(2.0, 60), (0.5, 60), (1.5, 67), (1.0, 64), (1.5, 65), (4, 65), (3, 65), (0.5, 71), (2, 69)]
[(1.5, 71), (1.0, 62), (0.5, 62), (0.25, 62), (0.5, 60), (1, 65), (0.25, 65), (4, 67), (1, 71), (2, 64), (1, 69), (3, 62)]
[(0.25, 67), (0.5, 71), (0.5, 71), (3, 62), (1, 69), (0.25, 65), (2, 65), (2, 64), (4, 69), (1.5, 60), (1, 60)]
[(3, 69), (0.25, 60), (1, 69), (3, 60), (1.5, 60), (0.25, 60), (4, 62), (2, 60), (1, 71)]
[(0.25, 65), (0.25, 65), (2, 64), (0.25, 71), (0.5, 69), (3, 62), (1, 71), (1, 67), (1, 67), (0.5, 62), (0.25, 60), (0.5, 60), (0.5, 62), (2, 67), (3, 60)]
[(2, 65), (0.5, 65), (1, 64), (1.5, 65), (1.5, 62), (0.5, 64), (1, 67), (0.5, 64), (0.5, 69), (0.5, 65), (4, 65), (1.5, 71), (1, 67)]
[(0.5, 67), (0.5, 65), (2, 60), (3, 71), (1.5, 65), (1, 64), (1.5, 64), (0.25, 65), (1.5, 69), (0.25, 64), (4, 64)]
[(0.5, 71), (0.5, 60), (4, 65), (2, 64), (0.5, 62), (3, 65), (1.5, 64), (0.25, 69), (1, 67), (1, 71), (0.25, 67), (0.5, 69), (1.0, 69)]
[(4, 69), (1.5, 69), (0.5, 65), (0.5, 62), (4, 62), (0.5, 69), (2.0, 62), (1.5, 71), (1, 71), (0.5, 71)]
[(0.25, 69), (3, 71), (1.5, 69), (1, 64), (0.5, 62), (2, 62), (2, 67), (2, 67), (1, 60), (0.5, 60), (1, 60), (0.25, 67), (1, 62)]
[(1.5, 69), (1.5, 64), (1.5, 71), (1.5, 69), (1.5, 65), (0.25, 62), (0.5, 62), (2, 69), (0.5, 65), (0.25, 62), (4, 71), (0.5, 71), (0.5, 71)]
[(1, 64), (1, 71), (4, 67), (4, 64), (2, 67), (4, 60)]
[(1.5, 71), (4, 64), (1.5, 67), (3, 64), (0.25, 65), (4, 69), (1.5, 67), (0.25, 62)]
[(1.5, 65), (2, 65), (1, 62), (0.25, 67), (3, 69), (2.0, 60), (1, 69), (1, 60), (2, 65), (0.25, 69), (2, 60)]
[(2, 71), (3, 71), (0.25, 62), (4, 60), (0.5, 64), (0.5, 64), (1, 67), (2, 67), (0.25, 62), (0.25, 62), (2, 69), (0.25, 62)]
[(2, 71), (0.5, 60), (0.5, 62), (3, 60), (2, 67), (2, 67), (2, 60), (2, 65), (2.0, 64)]
[(3, 64), (0.5, 65), (1, 69), (4, 62), (2.0, 67), (1, 65), (1, 67), (2, 60), (1.5, 62)]
[(0.25, 67), (2, 69), (1, 71), (0.5, 60), (1, 60), (2, 67), (0.5, 71), (0.25, 64), (0.5, 64), (1, 64), (4, 60), (3, 60)]
[(3, 65), (0.25, 71), (0.25, 67), (0.5, 60), (0.5, 71), (4, 67), (1.5, 65), (4, 65), (2, 69)]
[(2.0, 71), (1.5, 69), (0.25, 69), (1.5, 62), (4, 65), (2, 64), (1, 71), (0.25, 62), (0.25, 64), (1, 60), (2, 69), (0.25, 62)]
[(0.5, 62), (0.25, 62), (3, 64), (0.5, 71), (0.25, 71), (2, 62), (0.5, 64), (1, 67), (0.5, 60), (3, 69), (1, 71), (0.5, 64), (2, 62), (0.5, 60), (0.5, 60)]
[(0.25, 67), (0.5, 65), (1.5, 65), (2, 67), (1, 65), (0.5, 64), (2, 64), (3, 64), (0.25, 67), (0.5, 67), (4, 62), (0.5, 62)]
[(0.5, 62), (0.25, 69), (1.5, 60), (1, 67), (2, 65), (0.25, 69), (0.5, 67), (1, 71), (4, 65), (1.5, 64), (1, 69), (0.25, 65), (0.25, 69), (1.5, 64), (0.5, 69)]
[(4, 65), (0.5, 67), (4, 62), (3, 65), (0.5, 71), (4, 71)]
[(1.0, 64), (0.5, 69), (0.25, 65), (0.5, 69), (0.25, 71), (4, 65), (0.25, 65), (0.25, 64), (1.5, 65), (3, 71), (0.5, 64), (4, 60)]
[(0.25, 69), (0.25, 69), (0.25, 65), (4, 69), (4, 65), (4, 69), (0.25, 69), (1.0, 64), (0.5, 67), (1.5, 71)]
[(3, 69), (1.5, 65), (0.5, 65), (1, 69), (0.5, 65), (2, 65), (3, 67), (0.5, 64), (2, 64), (0.5, 67), (0.25, 69), (1, 62), (0.25, 62)]
[(0.25, 65), (0.5, 62), (4, 60), (1.5, 69), (0.5, 71), (0.25, 67), (1.5, 65), (2, 62), (0.25, 69), (3, 69), (0.25, 67), (2, 62)]
[(0.5, 65), (0.5, 60), (0.5, 65), (0.25, 60), (0.25, 65), (4, 64), (3, 62), (1, 62), (1.5, 64), (1, 60), (3, 67), (0.5, 62)]
[(3, 71), (0.25, 64), (3, 69), (0.25, 60), (4, 64), (1.0, 67), (3, 71), (1.5, 71)]
[(0.5, 62), (3, 64), (3, 71), (1, 60), (4, 62), (0.5, 65), (1.5, 60), (0.5, 69), (2, 69)]
[(3, 65), (4, 64), (2, 60), (4, 67), (3, 65)]
[(1, 64), (3, 69), (3, 64), (2, 69), (1.5, 67), (4, 62), (1.5, 62)]
[(2, 69), (4, 69), (0.25, 64), (1, 71), (1, 65), (2, 69), (0.25, 67), (0.25, 64), (0.25, 64), (1, 65), (4, 71)]
[(3, 69), (2, 71), (1.5, 60), (3, 60), (1.5, 65), (1.5, 60), (1.5, 67), (1.5, 65), (0.5, 67)]
[(2, 60), (1.5, 60), (2, 65), (4, 67), (1.5, 69), (4, 69), (1, 64)]
[(1, 71), (3, 71), (0.25, 67), (1, 60), (1.5, 69), (1, 67), (1, 65), (3, 64), (0.5, 69), (3, 71), (0.5, 67), (0.25, 69)]
[(0.25, 60), (1.5, 71), (0.25, 69), (1, 60), (4, 64), (2, 65), (2, 67), (1.5, 60), (1, 60), (2, 65), (0.5, 67)]
[(1, 71), (1.5, 69), (0.5, 64), (1.5, 64), (0.5, 64), (1, 67), (0.25, 69), (0.25, 60), (3, 64), (0.5, 65), (0.5, 65), (3, 62), (0.25, 60), (1.0, 65), (0.25, 62), (0.5, 60), (0.5, 69)]
[(4, 62), (1.5, 62), (4, 67), (2, 69), (1.5, 62), (3, 69)]
[(1.5, 60), (0.25, 71), (0.25, 69), (2, 62), (1, 60), (0.5, 65), (4, 71), (1.5, 60), (1, 62), (3, 62), (1, 71)]
[(0.25, 65), (3, 71), (1, 60), (4, 64), (0.25, 62), (1.5, 67), (0.5, 62), (0.25, 71), (1.0, 71), (1, 67), (3, 64), (0.25, 67)]
[(3, 71), (1, 71), (1.5, 67), (0.25, 64), (3, 71), (3, 69), (0.25, 67), (4, 71)]
[(3, 62), (3, 69), (0.5, 65), (1, 71), (0.5, 65), (2, 65), (1, 67), (2, 64), (1, 60), (1.5, 69), (0.5, 67)]
[(0.25, 69), (1.5, 67), (0.5, 71), (1, 64), (0.25, 65), (0.25, 64), (1, 64), (1, 69), (0.25, 71), (0.5, 67), (3, 60), (1.5, 71), (4, 71), (0.5, 60), (0.5, 64)]
[(0.25, 64), (1.0, 64), (1, 65), (0.25, 64), (0.25, 60), (1, 64), (4, 64), (2.0, 64), (0.25, 67), (3, 65), (0.5, 67), (1.5, 67), (1, 69)]
[(3, 64), (4, 60), (2, 67), (1, 62), (1, 65), (0.25, 65), (3, 60), (1.5, 64), (0.25, 67)]
[(4, 69), (4, 69), (2, 69), (1, 64), (1, 60), (0.25, 64), (0.25, 65), (3, 71), (0.5, 62)]
[(3, 60), (0.5, 60), (0.5, 64), (0.5, 67), (1.5, 69), (1, 65), (4, 69), (3, 62), (0.5, 69), (1, 65), (0.5, 67)]
[(3, 65), (1, 71), (1, 60), (1, 60), (1.5, 62), (2, 65), (1.5, 62), (4, 60), (0.5, 67), (0.5, 71)]
[(2, 67), (1.0, 64), (0.5, 64), (1.5, 69), (1, 69), (1.5, 71), (0.25, 62), (0.5, 60), (0.25, 71), (4, 65), (1.5, 69), (2, 64)]
[(0.5, 64), (0.25, 60), (1, 69), (0.25, 64), (1.5, 67), (2, 65), (3, 62), (1, 64), (4, 64), (0.5, 67), (1, 62), (0.5, 69), (0.5, 69)]
[(1.5, 62), (0.25, 67), (0.25, 62), (0.5, 71), (1.5, 62), (3, 60), (0.5, 65), (0.5, 62), (0.5, 69), (4, 71), (0.25, 71), (2, 60), (0.5, 69), (0.5, 67), (0.25, 65)]
[(4, 71), (3, 64), (1.5, 64), (1.5, 67), (2, 69), (4, 69)]
[(0.25, 67), (0.25, 67), (4, 67), (4, 71), (2, 64), (0.25, 67), (0.5, 60), (1.0, 64), (1, 62), (2, 62), (0.25, 71), (0.5, 65)]
[(1.5, 71), (1.5, 62), (0.5, 69), (2, 60), (1, 62), (0.5, 69), (1.5, 64), (3, 69), (3, 65), (1.5, 65)]
[(0.25, 62), (1, 65), (1.5, 64), (4, 65), (4, 71), (4, 71), (0.5, 65), (0.25, 67), (0.5, 71)]
[(1.5, 69), (2, 65), (4, 71), (2, 60), (1.5, 64), (1.0, 65), (4, 65)]
[(3, 64), (0.25, 65), (4, 71), (0.5, 67), (4, 71), (4, 64), (0.25, 64)]
[(0.25, 69), (0.5, 62), (4, 71), (3, 67), (0.5, 65), (0.25, 67), (4, 65), (2, 65), (1, 65), (0.5, 64)]
[(0.5, 64), (2, 69), (2, 67), (2, 60), (1.5, 69), (2, 62), (1, 69), (0.5, 69), (1, 71), (0.5, 62), (0.25, 62), (0.5, 65), (2, 60), (0.25, 67)]
[(2, 69), (2, 69), (1.5, 62), (0.25, 71), (1.5, 67), (2, 64), (1, 64), (0.5, 64), (1, 62), (2, 64), (0.25, 64), (0.5, 60), (0.5, 71), (0.5, 71), (0.5, 60)]
[(0.5, 67), (4, 60), (4, 69), (2.0, 60), (1, 69), (2, 60), (2, 65), (0.5, 71)]
[(1, 60), (3, 69), (0.25, 65), (1.5, 69), (2, 65), (4, 67), (0.5, 69), (0.5, 60), (2, 67), (1, 60), (0.25, 64)]
[(0.5, 71), (0.25, 60), (0.5, 60), (0.25, 64), (1.5, 71), (1.5, 60), (0.5, 60), (1, 64), (1.5, 62), (3, 64), (4, 69), (1.5, 67)]
[(1.5, 65), (1.5, 71), (1.5, 67), (1, 71), (3, 64), (3, 71), (2, 67), (2, 64), (0.25, 64), (0.25, 65)]
[(4, 69), (1.5, 64), (0.5, 67), (3, 69), (3, 71), (4, 67)]
[(3, 65), (0.25, 64), (1.5, 67), (1.5, 69), (3, 64), (3, 71), (2, 69), (1.0, 60), (0.25, 60), (0.5, 62)]
[(1.5, 71), (4, 71), (3, 71), (0.5, 65), (0.25, 69), (2, 67), (3, 62), (0.25, 71), (1.0, 69), (0.5, 69)]
[(4, 62), (1.0, 67), (3, 67), (3, 67), (1.5, 60), (1, 71), (0.5, 71), (0.25, 65), (1, 67), (0.5, 65), (0.25, 71)]
[(2, 62), (2.0, 64), (0.25, 62), (2, 65), (0.25, 60), (1.5, 62), (1.5, 62), (0.25, 60), (0.25, 65), (1, 60), (1, 69), (4, 60)]
[(4, 60), (0.25, 64), (2, 64), (2, 64), (0.5, 67), (3, 65), (2, 69), (0.25, 71), (2, 67)]
[(1, 67), (3, 64), (1, 65), (1.5, 64), (4, 67), (1.5, 60), (4, 64)]
[(0.5, 69), (2, 69), (0.25, 62), (3, 60), (4, 67), (0.25, 62), (3, 69), (3, 71)]
[(4, 62), (1.5, 71), (2, 60), (1, 60), (1.5, 67), (0.5, 65), (3, 71), (1.5, 71), (1, 62)]
[(4, 71), (1.5, 69), (3, 71), (3, 60), (0.25, 64), (1.5, 62), (0.25, 71), (1, 67), (0.5, 71), (1, 65)]
[(3, 71), (0.5, 60), (0.25, 62), (0.5, 65), (4, 64), (1.5, 64), (1, 65), (0.25, 69), (4, 65), (1, 67)]
[(0.25, 60), (4, 69), (1.5, 62), (0.5, 67), (3, 60), (0.25, 64), (0.5, 64), (1, 69), (1.5, 64), (1.5, 67), (0.5, 60), (1.5, 65)]
[(2, 60), (0.5, 62), (4, 62), (3, 64), (4, 62), (1.5, 67), (1, 67)]
[(3, 67), (0.5, 71), (1.5, 62), (0.25, 60), (1, 71), (1.5, 71), (2, 71), (1.5, 69), (0.25, 64), (1.5, 64), (2, 60), (1, 65)]
[(0.5, 71), (0.25, 65), (3, 64), (1.5, 60), (1, 67), (0.5, 67), (4, 60), (0.5, 71), (2, 71), (1, 60), (0.25, 67), (1.5, 65)]
[(4, 60), (0.25, 62), (0.5, 62), (0.5, 60), (1, 64), (0.5, 64), (3, 67), (4, 67), (1, 65), (1, 71), (0.25, 65)]
[(0.25, 60), (4, 62), (0.25, 60), (0.25, 69), (0.25, 62), (1.5, 69), (2, 62), (0.5, 69), (0.5, 60), (0.25, 60), (0.25, 67), (1, 64), (2, 67), (3, 71)]
[(3, 71), (3, 69), (1, 71), (2, 65), (0.5, 62), (0.5, 67), (3, 71), (3, 67)]
[(4, 71), (1.5, 71), (2, 62), (0.5, 65), (0.25, 62), (0.25, 62), (4, 65), (1.5, 71), (0.5, 71), (1.5, 67)]
[(0.25, 71), (4, 67), (1.5, 64), (0.5, 62), (3, 69), (1, 71), (2, 60), (0.25, 71), (2, 60), (1.5, 71)]
[(0.5, 71), (1.5, 62), (0.5, 60), (4, 65), (0.5, 67), (1.5, 62), (2, 71), (4, 69), (1.5, 60)]
[(1.5, 65), (2, 64), (0.25, 71), (0.5, 64), (0.25, 67), (0.5, 65), (0.5, 69), (0.25, 65), (3, 64), (2, 69), (1.5, 71), (0.5, 60), (0.25, 64), (3, 62)]
[(3, 60), (0.5, 67), (1.5, 64), (0.25, 60), (2, 62), (3, 65), (0.5, 60), (1, 69), (0.5, 64), (0.5, 67), (2, 62), (0.25, 67), (0.5, 69), (0.5, 64)]
[(1, 69), (2, 65), (1.5, 67), (1.5, 60), (3, 65), (1.0, 62), (1, 65), (2, 71), (0.5, 69), (0.5, 62), (2, 67)]
[(1, 67), (4, 65), (3, 60), (0.25, 65), (2, 64), (2, 69), (0.25, 60), (2, 60), (1.5, 60)]
[(0.25, 69), (1.5, 60), (1.5, 71), (3, 64), (1.5, 64), (3, 69), (1, 71), (0.5, 67), (0.5, 64), (1.5, 67), (0.25, 62), (1.5, 65)]
[(0.5, 62), (1.5, 71), (1.5, 69), (2, 60), (2, 71), (1.5, 69), (3, 60), (2, 69), (2, 60)]
[(4, 65), (1.5, 62), (2, 71), (1.0, 64), (0.5, 60), (0.5, 69), (0.25, 62), (0.25, 65), (1.5, 64), (1.5, 71), (3, 71)]
[(2, 65), (0.5, 71), (0.5, 69), (1, 67), (0.5, 67), (1, 62), (1.5, 71), (2, 67), (3, 60), (1, 65), (3, 65)]
[(2, 69), (1.5, 69), (0.5, 69), (0.5, 65), (1.5, 62), (0.5, 65), (4, 65), (4, 67), (1.5, 69)]
[(0.25, 67), (2, 64), (0.5, 71), (0.5, 71), (0.5, 71), (4, 64), (1, 69), (3, 71), (1.5, 64), (1, 64), (1.5, 69), (0.25, 64)]
[(0.5, 62), (1, 64), (0.25, 67), (3, 60), (0.25, 62), (4, 71), (0.25, 65), (0.5, 60), (2.0, 69), (1, 69), (3, 69), (0.25, 67)]
[(0.5, 71), (1.0, 71), (0.5, 71), (0.25, 62), (4, 71), (1, 62), (0.5, 64), (3, 62), (3, 64), (1, 67), (1, 60), (0.25, 71)]
[(2, 69), (4, 60), (0.25, 67), (2, 69), (4, 71), (0.25, 71), (1, 60), (1.0, 60), (1.5, 60)]
[(0.5, 65), (1, 60), (1, 60), (0.5, 60), (4, 65), (3, 60), (3, 64), (1, 60), (2, 69)]
[(3, 62), (0.5, 65), (4, 69), (0.25, 60), (0.5, 60), (2, 67), (1.5, 67), (4, 62), (0.25, 64)]
[(3, 65), (0.5, 64), (1, 71), (1.5, 60), (0.5, 64), (1, 64), (1, 67), (2, 60), (3, 62), (1.5, 62), (1, 64)]
[(1.5, 65), (0.5, 60), (0.25, 71), (4, 60), (2, 64), (1.5, 62), (0.25, 62), (2, 62), (1, 67), (3, 65)]
[(1.5, 64), (3, 64), (2, 65), (0.5, 60), (0.5, 60), (1, 65), (0.5, 67), (4, 64), (3, 62)]
[(1.5, 64), (3, 64), (0.5, 71), (1, 64), (4, 65), (3, 71), (0.5, 62), (0.5, 69), (1, 65), (1, 65)]
[(2, 62), (1, 67), (1.5, 71), (0.25, 60), (4, 71), (1, 64), (0.25, 69), (1.0, 71), (2, 64), (3, 65)]
[(1.5, 65), (0.5, 64), (3, 64), (1.5, 60), (4, 69), (0.25, 64), (0.25, 62), (1.5, 69), (2, 62), (1.5, 64)]
[(1, 60), (0.25, 60), (1, 62), (0.25, 62), (1.0, 62), (0.25, 67), (0.5, 69), (4, 65), (3, 64), (0.5, 65), (2, 64), (0.5, 64), (1, 62), (0.25, 64), (0.5, 65)]
[(1.5, 64), (3, 62), (2, 69), (3, 64), (1.5, 62), (0.25, 64), (0.5, 60), (0.25, 71), (0.5, 71), (0.5, 62), (3, 60)]
[(0.5, 62), (2, 71), (0.5, 67), (1.5, 62), (3, 69), (4, 71), (0.5, 71), (4, 67)]
[(2.0, 64), (1, 65), (1, 71), (4, 67), (0.5, 65), (1.0, 60), (3, 60), (0.25, 60), (0.25, 71), (3, 67)]
[(1, 71), (1.5, 60), (0.25, 65), (3, 65), (0.5, 64), (4, 65), (0.5, 60), (1.5, 71), (3, 71), (0.25, 69), (0.5, 62)]
[(3, 65), (1.5, 65), (2, 67), (1, 64), (0.5, 65), (3, 69), (0.5, 71), (0.5, 67), (2, 65), (2, 64)]
[(4, 67), (2, 65), (0.5, 67), (3, 60), (2, 65), (1, 71), (3, 65), (0.5, 71)]
[(1, 69), (1, 62), (0.25, 65), (1.0, 64), (0.25, 60), (3, 71), (0.25, 69), (4, 69), (2, 60), (1.5, 65), (0.25, 64), (0.5, 67), (1, 62)]
[(4, 67), (1, 71), (0.25, 65), (4, 60), (0.25, 67), (3, 64), (1.5, 64), (2, 64)]
[(3, 67), (0.5, 65), (2, 64), (4, 71), (0.5, 67), (3, 69), (0.25, 67), (1.5, 69), (1.0, 60), (0.25, 62)]
[(3, 62), (0.25, 62), (2, 64), (1.5, 65), (1.5, 62), (1, 64), (2.0, 69), (4, 71), (0.25, 60), (0.5, 64)]
[(0.25, 60), (0.5, 62), (0.5, 62), (3, 71), (0.5, 69), (0.5, 64), (3, 69), (3, 60), (1.5, 62), (0.25, 67), (1.5, 67), (1.5, 69)]
[(0.25, 67), (3, 65), (2, 62), (0.25, 65), (1, 64), (3, 62), (2, 60), (4, 67), (0.25, 60), (0.25, 69)]
[(4, 62), (0.25, 67), (2, 62), (0.25, 69), (2, 69), (1, 65), (0.25, 67), (3, 71), (1.5, 69), (1.5, 71), (0.25, 60)]
[(1.5, 62), (0.5, 67), (0.25, 69), (0.5, 71), (0.25, 60), (1, 71), (2, 71), (4, 60), (3, 60), (3, 71)]
[(2, 60), (1.5, 71), (2, 65), (4, 71), (0.25, 64), (3, 64), (1.5, 69), (0.25, 65), (1.5, 60)]
[(0.25, 69), (2, 67), (3, 65), (1, 62), (0.25, 65), (4, 65), (1.5, 64), (0.25, 60), (3, 65), (0.5, 64), (0.25, 71)]
[(0.5, 67), (1.5, 71), (1, 71), (1.5, 65), (1.5, 65), (1, 62), (1, 71), (2, 62), (1.5, 69), (0.5, 64), (0.25, 69), (1.5, 65), (1.5, 64), (0.5, 69), (0.25, 60)]
[(3, 71), (1, 65), (3, 64), (0.5, 69), (3, 71), (2, 65), (1.5, 67), (2, 60)]
[(1.5, 71), (1, 62), (3, 64), (2, 67), (1.0, 60), (0.5, 65), (2, 65), (2, 62), (0.25, 71), (2, 67), (0.25, 67), (0.5, 71)]
[(3, 62), (4, 65), (0.25, 65), (0.5, 69), (1.5, 71), (0.25, 69), (1.5, 69), (1, 62), (4, 62)]
[(3, 60), (0.25, 65), (1.5, 71), (3, 67), (2, 62), (4, 67), (0.5, 62), (0.25, 64), (1.5, 69)]
[(1.0, 62), (4, 65), (0.25, 67), (3, 65), (0.25, 69), (0.5, 67), (1.5, 71), (0.25, 65), (0.5, 67), (0.25, 65), (0.25, 62), (0.25, 60), (2, 69), (2, 64)]
[(0.5, 60), (4, 69), (0.25, 62), (0.5, 64), (4, 67), (1.0, 64), (2, 71), (1, 62), (1, 60), (1.5, 64), (0.25, 60)]
[(3, 71), (0.5, 60), (0.25, 60), (2, 64), (2, 67), (1.5, 65), (2, 67), (0.5, 65), (1, 67), (2, 65), (0.25, 65), (1, 69)]
[(1, 71), (0.25, 62), (0.5, 71), (2, 65), (0.5, 64), (2.0, 65), (1, 62), (0.5, 60), (1, 69), (4, 71), (1, 67), (2, 60), (0.25, 69)]
