51 d#
52 e
53 f
54 f#
55 g
56 g#
57 a
58 a#
59 b
60 c
61 c#
62 d
63 d#
64 e
65 f
66 f#
67 g
68 g#
69 a
70 a#
71 b
72 c
73 c#
74 d
75 d#
76 e
77 f
78 f#
79 g
80 g#
81 a
82 a#
83 b
84 c
85 c#


[(.5, r), (.5, 53), (.5, 62), (.5, 65), (.5, 61), (.5, 62), (.5, 64), (.5, 61), (.5, 62), (.5, 64), (t.5, 65), (t.5, 69), (t.5, 72), (.5, 72), (.5, 73), (.5, 74), (.5, 76), (.5, 77), (.5, 71), (1, r), (2, r), (4, r)]
[(1, r), (.5, r), (.5, 62), (.5, r), (.5, 67), (.5, r), (.5, 65), (.5, 67), (.5, r), (.5, 65), (.5, r), (.5, 62), (.5, 65), (.5, r), (.5, 62), (.5, r), (.5, 67), (.5, r), (.5, 62), (.5, r), (.5, 67), (.5, r), (.5, 62), (.5, 67), (.5, r), (.5, 65), (.5, 62), (.5, 67), (.5, 65), (.5, 62), (.5, r)]
[(1, r), (.5, r), (.5, 62), (.5, 67), (.5, 65), (.5, 62), (1.5, 67), (t.25, 65), (t.25, 67), (t.25, 65), (t.5, 62), (t.25, r), (1, 67), (t.25, 65), (t.25, 67), (t.25, 65), (t.5, 62), (t.25, r), (.5, 67), (.5, 65), (1.5, 59), (.5, r), (1,r), (4, r)]
[(2, r), (1, r), (.25, 74), (.25, 76), (.25, 77), (.25, 81), (.25, 84), (.25, 81), (.25, 82), (.25, 83), (.25, 79), (.25, 80), (.25, 81), (.25, 79), (.25, 77), (.25, 76), (.25, 74), (.25, 72), (.25, 71), (.25, 74), (.25, 77), (.25, 81), (.25, 79), (.25, 76), (.25t, 77), (.25t, 79), (.25t, 77), (.25, 76), (.25, 72), (.25, 69), (.25, 65), (.25, 74), (.25, 75), (.25, 70), (.25, 67), (.25, 68), (.25, 69), (.25, 65), (.25, 62), (1, 67), (1, r), (2, r)]
