[(264, -1), (204, 65), (163, 66), (160, 65), (160, 61), (713, 66), (320, 65), (91, 66), (80, 65), (232, 61), (468, 63)]
[(251, 66), (217, 68), (263, 70), (217, 72), (467, 73), (276, 70), (217, 66), (263, 65), (217, 63), (467, 72), (276, 69), (217, 65), (263, 64), (217, 62), (467, 71), (276, 68), (217, 64), (263, 63), (217, 61)]
[(1704, -1), (204, 65), (263, 63), (217, 66), (263, 65), (217, 68), (716, 66), (244, 70), (125, 68), (120, 72), (942, 70), (49, -1), (204, 73), (263, 72), (217, 75), (467, 72), (480, 68)]
[(1704, -1), (204, 74), (263, 75), (217, 77), (263, 78), (217, 80), (467, 82), (480, 85)]
[(113, 78), (120, 77), (120, 75), (120, 73), (120, 72), (120, 70), (120, 68), (126, 67), (114, 66), (120, 63), (120, 65), (126, 64), (114, 63), (120, 60), (120, 56), (120, 53), (120, 54), (120, 58), (120, 61), (126, 65), (114, 63), (120, 68), (120, 73), (120, 68), (120, 70), (120, 75), (120, 72), (120, 68), (120, 65), (120, 68), (120, 65), (120, 61)]
[(240, -1), (113, 62), (120, 63), (120, 66), (120, 68), (120, 70), (120, 73), (120, 77), (120, 80), (120, 79), (120, 77), (120, 78), (120, 70)]
[(251, 63), (217, 65), (263, 66), (217, 68), (263, 70), (217, 72), (263, 73), (217, 75), (239, 77), (126, 78), (120, 79), (158, 80), (160, 79), (160, 78), (260, 77), (217, 73), (263, 70), (217, 66), (467, 65)]
[(264, -1), (204, 56), (263, 58), (217, 61), (263, 63), (217, 65), (263, 66), (217, 68), (263, 70), (217, 73), (467, 74), (480, 80), (276, 74), (217, 73), (467, 72), (276, 70), (217, 68), (263, 67), (217, 69), (263, 73), (217, 74), (455, 69), (480, 69), (25, 69)]
[(240, -1), (113, 70), (120, 72), (120, 74), (120, 75), (120, 77), (120, 74), (120, 75), (120, 77), (120, 78), (120, 80), (120, 82), (120, 78), (120, 77), (120, 75), (120, 80), (120, 77), (120, 78), (120, 74), (127, -1), (113, 77), (120, 76), (120, 74), (120, 75), (120, 70), (120, 68), (120, 65), (120, 66), (120, 70), (120, 65), (120, 63)]
[(264, -1), (204, 77), (263, 78), (217, 70), (125, 73), (120, 70), (690, 72)]
[(251, 73), (217, 70), (163, 66), (160, 63), (160, 59), (260, 70), (217, 68)]
[(151, 63), (160, 66), (160, 70), (260, 73), (217, 72), (263, 70), (217, 68), (263, 66), (217, 65), (163, 63), (160, 65), (160, 63), (260, 58), (217, 63), (163, 66), (160, 68), (160, 66), (260, 63), (217, 66), (163, 69), (160, 70), (160, 69), (260, 66), (217, 69), (467, 68)]
[(1440, -1), (113, 79), (1052, 80), (59, -1), (204, 77), (1628, 73), (88, -1), (204, 70), (467, 68), (480, 66), (480, 65), (276, 63), (673, 63), (491, 61)]
[(1704, -1), (204, 77), (263, 80), (217, 84), (263, 82), (217, 80), (263, 77), (217, 75), (263, 73), (217, 70), (467, 68)]
[(1704, -1), (204, 63), (263, 66), (217, 70), (263, 73), (217, 77), (276, -1), (204, 80), (276, -1), (204, 68)]
[(1440, -1), (251, 77), (217, 74), (467, 77), (276, 74), (217, 70), (467, 74), (276, 70), (217, 66), (263, 70), (217, 66), (263, 63), (217, 66)]
[(960, -1), (251, 70), (217, 63), (467, 68), (505, -1), (455, 66), (276, 65), (217, 68), (467, 65), (276, 63), (217, 63)]
[(251, 61), (217, 65), (263, 62), (217, 65), (263, 63), (217, 65), (263, 68), (217, 67), (163, 66), (160, 70), (160, 73), (260, 77), (217, 80)]
[(744, -1), (660, 80), (491, 75), (276, 82), (217, 85), (131, 82), (120, 81), (120, 80), (114, 78), (258, 75), (217, 73), (263, 70), (217, 66), (263, 68), (156, 70)]
[(480, -1), (455, 56), (276, 63), (217, 61), (263, 65), (217, 68), (263, 66), (217, 70), (263, 72), (217, 73), (467, 75), (276, 72), (1129, 70)]
[(480, -1), (113, 74), (120, 71), (120, 72), (120, 74), (120, 75), (120, 65), (247, -1), (113, 73), (120, 77), (120, 76), (120, 74), (120, 75), (120, 80), (120, 85), (126, 80), (114, 82), (120, 87), (120, 84), (120, 80), (120, 75), (120, 80), (120, 75), (120, 72), (120, 82), (120, 77), (120, 75), (120, 72)]
[(1440, -1), (251, 80), (217, 79), (263, 78), (217, 70), (263, 73), (217, 77), (263, 80), (217, 78), (263, 80), (217, 78), (263, 77), (217, 75), (263, 73), (217, 72), (263, 75), (217, 73), (263, 72), (217, 70), (263, 68), (217, 66), (263, 65), (217, 66), (263, 68), (217, 66), (263, 65), (217, 63)]
[(455, 63), (176, 66), (160, 70), (160, 73), (464, 77), (276, 78), (217, 80), (263, 77), (217, 73), (263, 68), (217, 66)]
[(455, 75), (176, 73), (160, 75), (160, 73), (260, 70), (217, 66), (263, 65), (217, 63), (263, 68), (217, 65), (263, 66), (217, 58)]
[(251, 68), (217, 70), (263, 73), (217, 77), (467, 80), (144, 78), (114, 80), (234, 78), (264, 77), (228, 75), (252, 73), (217, 72), (275, 75), (205, 73), (263, 72), (217, 70), (263, 68), (217, 66), (263, 65), (217, 66), (275, 68), (205, 66), (263, 65), (217, 63)]
[(151, 70), (160, 71), (160, 70), (260, 69), (217, 70), (467, 78), (276, 74), (673, 77), (187, 75), (160, 70), (160, 66), (260, 65), (217, 63), (263, 58), (217, 54), (263, 53), (468, 53), (685, 53)]
[(744, -1), (204, 62), (263, 63), (217, 65), (263, 66), (217, 68), (263, 69), (217, 70), (263, 72), (217, 74), (263, 75), (217, 77), (467, 78), (480, 77), (276, 74), (217, 77), (276, -1), (204, 76), (263, 75), (217, 73), (263, 72), (217, 71), (263, 70), (217, 68), (263, 66), (217, 63)]
[(264, -1), (204, 69), (163, 70), (160, 73), (160, 77), (260, 78), (217, 75), (263, 77), (217, 78), (87, 77), (80, 78), (80, 77), (232, 75), (468, 78)]
[(264, -1), (204, 58), (263, 65), (217, 70), (467, 66), (276, 70), (217, 73), (467, 68), (276, 72), (217, 75), (467, 70), (276, 73), (217, 78), (263, 72), (217, 75), (276, -1), (204, 80), (467, 73), (276, 78), (217, 82), (263, 75), (217, 80), (263, 84), (217, 80), (263, 78), (217, 82), (263, 85), (217, 82)]
[(264, -1), (204, 63), (163, 66), (160, 70), (160, 73), (464, 77), (176, 74), (160, 70), (160, 66), (260, 77), (217, 74)]
[(251, 75), (217, 75), (263, 77), (217, 77), (263, 78), (217, 78), (263, 80), (217, 80), (467, 82), (276, 80), (217, 78)]
[(251, 63), (217, 66), (263, 70), (217, 73), (276, -1), (204, 77)]
[(159, 70), (160, 71), (152, 70), (260, 69), (217, 70), (263, 82), (217, 80), (467, 78), (480, 77)]
[(113, 67), (120, 70), (120, 66), (120, 65), (82, 66), (80, 70), (80, 66), (232, 63), (264, 65), (217, 62), (263, 63), (217, 58), (87, 61), (80, 62), (80, 61), (232, 58), (264, 60), (217, 56), (263, 58), (673, 54)]
[(1704, -1), (204, 64), (263, 65), (217, 69), (263, 72), (217, 74), (263, 76), (217, 79), (467, 81), (480, 88), (276, 79), (673, 81)]
[(151, 73), (160, 76), (160, 79), (260, 82), (217, 79), (263, 81), (217, 79), (263, 77), (217, 76), (263, 74), (217, 73), (263, 74), (217, 77), (263, 76), (217, 75), (263, 76), (217, 79), (263, 77), (217, 76), (263, 77), (217, 81), (263, 79), (217, 78), (263, 79), (217, 82), (467, 81), (276, 77), (217, 81), (467, 79), (276, 76), (217, 79)]
[(480, -1), (151, 80), (160, 81), (160, 84), (160, 80), (160, 81), (160, 84), (160, 80), (160, 81), (160, 84), (160, 80), (160, 81), (160, 84), (160, 80), (160, 81), (160, 84), (160, 80), (160, 81), (160, 84), (160, 80), (160, 81), (160, 84), (160, 80), (160, 81), (160, 84), (160, 80), (160, 81), (160, 84), (160, 80), (160, 81), (160, 84), (160, 80), (160, 81), (160, 84), (920, 80)]
[(455, 64), (276, 65), (217, 66), (263, 67), (217, 65), (263, 69), (217, 72), (467, 76), (276, 79), (469, 76), (240, -1), (251, 67), (217, 69)]
[(113, 84), (802, 86), (45, -1), (455, 84), (276, 81), (217, 79)]
[(264, -1), (204, 62), (263, 65), (217, 69), (467, 67), (480, 69), (276, 62), (217, 62), (263, 65), (217, 69), (263, 67), (671, 69), (289, 72), (217, 71), (263, 72), (217, 71), (263, 69), (671, 69)]
[(960, -1), (251, 74), (217, 69), (263, 62), (673, 65), (287, 69), (217, 62)]
[(264, -1), (204, 53), (263, 62), (217, 65), (263, 61), (217, 62), (263, 64), (217, 61), (263, 62), (217, 64), (163, 65), (160, 69), (88, 72), (81, -1), (251, 76), (217, 73), (263, 74), (217, 76), (263, 77), (217, 71)]
[(251, 72), (217, 69), (263, 65), (673, 62), (516, -1), (251, 74), (217, 71), (263, 67), (673, 64)]
[(1224, -1), (204, 62), (263, 65), (217, 69), (125, 73), (347, 74), (475, 69), (276, 67), (217, 67)]
[(480, -1), (113, 73), (120, 74), (120, 77), (120, 81), (126, 84), (114, 81), (120, 82), (126, 83), (114, 79), (120, 80), (126, 81), (114, 79), (120, 77), (120, 76), (120, 74), (120, 72), (120, 71), (120, 74), (120, 77), (126, 80), (114, 79), (120, 76), (82, 77), (80, 79), (80, 77), (118, 76), (120, 72), (120, 69), (120, 67), (462, 72)]
[(251, 62), (217, 64), (263, 65), (217, 66), (263, 67), (217, 66), (263, 65), (217, 67), (263, 64), (217, 62), (263, 57), (217, 53), (263, 52), (217, 50)]
[(113, 69), (120, 62), (247, -1), (341, 62), (138, 64), (152, 65), (160, 67), (160, 69), (160, 69), (160, 72), (160, 74), (122, 76), (348, 79), (474, 76), (138, 72), (348, 76), (474, 72), (138, 69), (348, 72), (474, 65)]
[(1440, -1), (251, 81), (217, 86), (263, 83), (217, 79), (263, 76), (217, 81), (263, 77), (217, 74), (263, 76), (217, 72), (263, 69), (217, 74), (263, 71), (217, 67), (263, 69), (217, 65), (467, 62)]
[(1224, -1), (204, 69), (163, 72), (160, 76), (160, 79), (160, 76), (160, 79), (160, 81), (160, 84), (160, 86), (160, 88), (464, 84), (276, 81), (217, 79)]
[(1224, -1), (204, 61), (263, 62), (217, 64), (263, 65), (217, 67), (263, 64), (217, 65), (263, 61), (217, 62), (263, 64), (217, 61), (263, 62), (468, 57), (229, 62), (467, 57), (480, 65)]
[(251, 65), (217, 69), (263, 72), (217, 76), (263, 79), (217, 78), (263, 77), (217, 76), (276, -1), (204, 72), (276, -1), (204, 69), (467, 72)]
[(1704, -1), (456, 70), (480, 69), (684, 81), (287, 79), (217, 76), (315, 77), (320, 72), (776, 68)]
[(264, -1), (204, 62), (263, 65), (217, 69), (263, 67), (217, 69), (263, 73), (217, 74), (923, 76), (49, -1), (704, 72), (496, 69), (228, 62), (263, 65), (217, 68), (467, 69), (480, 62), (480, 62)]
[(744, -1), (204, 64), (263, 65), (217, 69), (263, 73), (217, 69), (263, 76), (217, 74), (263, 69), (217, 65), (263, 67), (156, 69), (337, -1), (660, 65)]
[(455, 86), (276, 88), (217, 86), (263, 85), (217, 81), (467, 77), (480, 84), (276, 86), (217, 84), (263, 83), (217, 81), (263, 79), (217, 78), (263, 77), (217, 79), (263, 81), (217, 77), (263, 76), (217, 74), (263, 69), (217, 65), (467, 64), (276, 62), (468, 64), (480, 62)]
[(704, 75), (244, 70), (716, 69), (244, 75), (716, 74), (244, 69), (716, 67), (135, 72), (115, 74), (710, 72), (244, 69), (467, 67), (480, 64), (1848, 62)]
[(1800, -1), (113, 79), (120, 78), (120, 75), (120, 70), (120, 75), (120, 74), (120, 71), (120, 67), (120, 71), (120, 70), (120, 67), (1374, 63), (73, -1), (59, 63), (60, 65), (114, 67), (462, 65), (480, 63), (480, 62)]
[(455, 74), (276, 81), (217, 73), (467, 80), (480, 81), (480, 83), (184, 81), (105, -1), (204, 77), (163, 76), (160, 77), (160, 76), (260, 74), (217, 77)]
[(744, -1), (204, 64), (263, 65), (217, 67), (263, 69), (217, 73), (467, 74), (276, 76), (217, 79), (716, 76), (244, 74), (263, 72), (217, 69), (467, 67), (276, 62), (217, 62)]
[(120, -1), (113, 57), (120, 59), (120, 61), (120, 62), (120, 64), (120, 65), (120, 67), (120, 69), (120, 71), (120, 73), (120, 74), (120, 76), (120, 73), (120, 74), (120, 76), (120, 77), (120, 74), (234, 69)]
[(251, 69), (156, 74), (553, -1), (251, 76), (469, 77), (480, 79), (684, 77), (491, 76), (480, 77), (276, 69), (156, 69)]
[(1440, -1), (251, 64), (217, 61), (263, 62), (217, 64), (263, 65), (217, 67), (263, 69), (217, 72), (923, 76), (289, -1), (113, 73), (120, 74), (271, -1), (204, 72), (276, -1), (204, 69)]
[(960, -1), (455, 69), (276, 76), (217, 79), (467, 77), (276, 73), (217, 76), (263, 74), (217, 69), (263, 72), (217, 69), (467, 71)]
[(264, -1), (204, 65), (263, 69), (217, 72), (263, 74), (228, 75), (252, 76), (228, 79), (252, 78), (228, 76), (252, 77)]
[(264, -1), (204, 79), (263, 76), (469, 72), (228, 69), (263, 65), (217, 64), (263, 62), (217, 57), (263, 60), (217, 57), (263, 59), (217, 67)]
[(960, -1), (251, 74), (217, 74), (263, 74), (673, 74), (1956, -1), (455, 74), (729, 77), (244, 74), (467, 69), (480, 67), (276, 65), (217, 65)]
[(251, 74), (217, 72), (263, 69), (217, 65), (263, 64), (217, 62)]
[(120, -1), (119, 69), (114, 68), (120, 69), (120, 76), (120, 73), (120, 74), (120, 76), (120, 77), (120, 79), (120, 81), (120, 84), (120, 88), (120, 91), (120, 90), (120, 88), (120, 89), (120, 81), (127, -1), (113, 86), (120, 88), (120, 89), (120, 88), (120, 86), (120, 84), (120, 81), (120, 79), (120, 77), (120, 76), (120, 74)]
[(960, -1), (704, 79), (2773, 76), (147, -1), (204, 72), (467, 76), (480, 79), (729, 76), (1156, 72)]
[(744, -1), (204, 62), (263, 67), (217, 65), (263, 62), (673, 67), (111, 65), (80, 67), (80, 65), (156, 62), (89, -1), (455, 67), (100, 65), (80, 67), (80, 65), (156, 62), (89, -1), (239, 67), (240, 65), (708, 59)]
[(480, -1), (455, 72), (729, 76), (244, 72), (263, 76), (217, 79), (263, 76), (673, 72), (491, 69)]
[(1440, -1), (113, 74), (120, 76), (120, 77), (120, 81), (120, 84), (120, 81), (120, 82), (120, 83), (120, 79), (120, 80), (120, 81), (120, 79), (120, 77), (120, 76), (120, 74), (120, 72), (120, 71), (120, 74), (120, 77), (120, 81), (120, 79), (120, 76), (82, 77), (80, 79), (80, 77), (118, 76), (120, 72), (120, 69), (120, 65), (120, 74), (120, 75), (120, 70), (120, 67), (120, 68), (120, 69), (120, 65), (120, 62), (462, 67)]
[(227, 81), (126, 83), (120, 81), (234, 79), (126, 81), (120, 79), (234, 77), (126, 79), (120, 77), (234, 76), (126, 77), (120, 76), (258, 74), (217, 76), (263, 77), (217, 79), (263, 81), (217, 84), (467, 81)]
[(744, -1), (204, 72), (263, 75), (217, 76), (263, 72), (217, 69), (263, 73), (217, 74), (263, 71), (217, 67), (263, 72), (217, 73), (263, 70), (217, 66), (263, 71), (217, 72), (263, 69), (217, 65), (263, 70), (217, 71), (263, 67), (217, 64), (263, 68), (217, 69), (263, 65), (217, 62), (263, 67), (217, 66), (263, 65), (217, 67)]
[(251, 64), (217, 61), (263, 62), (217, 64), (263, 65), (217, 67), (263, 68), (217, 69), (263, 71), (217, 73), (263, 74), (217, 76), (467, 77)]
[(1224, -1), (204, 57), (163, 62), (160, 65), (160, 69), (464, 74), (289, -1), (204, 69), (716, 73), (244, 69), (239, 72), (126, 69), (120, 65), (258, 62), (901, 71), (48, -1), (113, 71), (120, 72), (690, 69), (150, 67), (120, 69), (711, 65), (244, 62)]
[(251, 76), (217, 74), (263, 72), (228, 69), (252, 67), (217, 64), (263, 62), (217, 60), (467, 59), (276, 55), (217, 57)]
[(264, -1), (204, 68), (239, 69), (126, 76), (120, 77), (258, 76), (217, 74), (263, 73), (217, 76), (263, 74), (217, 69), (263, 72), (217, 71), (276, -1), (204, 69), (263, 67), (217, 64), (263, 65), (217, 67), (263, 69), (217, 72), (263, 76), (217, 74)]
[(480, -1), (251, 62), (922, 69), (51, -1), (456, 74), (228, 68), (467, 67), (480, 65), (480, 65)]
[(480, -1), (113, 62), (120, 64), (120, 65), (120, 67), (120, 68), (120, 67), (120, 65), (120, 64), (120, 62), (120, 60), (120, 59), (120, 62), (120, 65), (120, 68), (120, 65), (120, 66), (120, 67), (120, 65), (120, 64), (120, 62), (120, 60), (120, 56), (120, 55), (120, 53), (120, 52), (120, 55), (120, 57), (120, 59), (462, 62)]
[(1224, -1), (455, 74), (685, 74), (1476, -1), (455, 74), (936, 77), (49, -1), (251, 76), (217, 74), (467, 69), (936, 69)]
[(744, -1), (204, 62), (276, -1), (204, 67), (276, -1), (204, 65), (263, 67), (229, -1), (251, 65), (229, -1), (251, 62), (217, 65), (276, -1), (204, 62), (276, -1), (204, 67), (276, -1), (204, 62), (276, -1), (204, 67), (276, -1), (204, 62), (263, 67), (229, -1), (251, 65), (217, 62), (263, 67), (217, 65), (263, 62)]
[(240, -1), (113, 73), (120, 70), (120, 69), (120, 64), (120, 65), (120, 67), (120, 69), (120, 71), (120, 76), (120, 75), (120, 74), (120, 76), (120, 77), (120, 78), (462, 79)]
[(113, 65), (120, 67), (120, 69), (120, 72), (120, 76), (120, 77), (120, 76), (120, 75), (120, 74), (120, 72), (120, 71), (120, 69), (120, 67), (120, 64), (120, 65), (120, 69)]
[(264, -1), (204, 64), (467, 65), (276, 69), (217, 72), (263, 76), (673, 79), (187, 76), (160, 79), (312, 76), (168, 72), (160, 76), (312, 72), (168, 69), (160, 72), (312, 69), (168, 65), (160, 69), (312, 65), (168, 62), (160, 65), (236, 62), (126, 60), (120, 59), (462, 62), (480, 67), (138, 63), (347, 64), (271, 67), (217, 74)]
[(264, -1), (204, 62), (263, 64), (217, 61), (263, 62), (217, 69), (276, -1), (204, 69), (276, -1), (204, 62), (263, 65), (217, 67), (263, 68), (217, 67), (263, 65), (217, 77)]
[(480, -1), (455, 74), (276, 81), (217, 84), (163, 86), (160, 81), (616, 84), (260, 81), (126, 77), (120, 74), (462, 79), (276, 81), (469, 74), (480, 77)]
[(251, 80), (217, 81), (163, 77), (160, 74), (160, 71), (260, 78), (217, 79), (163, 75), (160, 71), (160, 67), (260, 75), (217, 76), (163, 72), (160, 69), (160, 65), (260, 74), (217, 72)]
[(960, -1), (704, 74), (244, 72), (923, 62), (1489, -1), (251, 62), (217, 69), (716, 67), (244, 69), (263, 62), (217, 62)]
[(1704, -1), (204, 69), (263, 72), (217, 76), (263, 79), (1129, 76), (60, -1), (455, 72), (276, 74), (469, 72), (228, 71), (467, 69), (480, 69)]
[(264, -1), (204, 69), (467, 74), (2100, 79), (109, -1), (204, 69), (467, 74), (2760, 79)]
[(227, 72), (126, 73), (120, 72), (258, 69), (217, 65), (263, 62), (217, 65), (263, 69), (217, 72), (263, 69), (217, 70), (263, 68), (217, 63), (263, 60), (673, 56)]
[(160, -1), (151, 69), (160, 72), (160, 76), (160, 69), (160, 72), (920, 79), (209, -1), (151, 74), (160, 77), (160, 81), (160, 76), (160, 79), (464, 83), (176, 77), (160, 81), (160, 84), (160, 77), (160, 80), (616, 84), (193, -1), (151, 77), (160, 80), (160, 84), (160, 77), (160, 80), (920, 84)]
[(251, 62), (217, 65), (263, 69), (217, 72), (263, 71), (217, 72), (263, 74), (217, 76), (263, 77), (217, 79), (263, 81), (217, 84), (467, 89), (276, 88), (217, 86)]
[(1440, -1), (455, 76), (480, 76), (480, 76), (480, 76), (480, 76), (480, 76), (276, 76), (217, 76), (276, -1), (204, 76), (276, -1), (909, 76), (51, -1), (204, 71), (263, 76), (217, 76)]
[(251, 72), (217, 68), (263, 71), (217, 68), (263, 69), (217, 64), (263, 61), (217, 57), (923, 62)]
[(1704, -1), (204, 69), (263, 74), (1585, 79), (84, -1), (251, 76), (217, 79), (719, 76), (695, 72)]
[(264, -1), (204, 62), (263, 65), (217, 69), (467, 67), (480, 69), (480, 62), (276, 65), (217, 69), (467, 67), (480, 69), (729, 72), (244, 71), (263, 72), (468, 71), (685, 69), (287, 65), (217, 69), (263, 67), (217, 69), (263, 62), (217, 62)]
[(744, -1), (204, 73), (263, 74), (217, 76), (263, 77), (217, 79), (263, 81), (217, 77), (87, 76), (80, 77), (80, 76), (232, 74), (264, 81), (217, 77), (87, 76), (80, 77), (80, 76), (232, 74)]
[(960, -1), (251, 62), (217, 64), (263, 65), (217, 67), (263, 69), (217, 72), (263, 71), (217, 69), (263, 67), (217, 66), (263, 65), (217, 63), (263, 64), (217, 62), (263, 61), (217, 59), (263, 60), (217, 62), (263, 64), (217, 65)]
[(744, -1), (204, 75), (467, 76), (480, 74), (276, 72), (673, 67), (1260, -1), (204, 65), (263, 69), (217, 72), (263, 76), (217, 74), (467, 76)]
[(151, 74), (160, 77), (160, 81), (160, 76), (160, 79), (160, 83), (169, -1), (151, 74), (160, 77), (160, 81), (160, 76), (160, 79), (464, 83), (185, -1), (151, 74), (160, 77), (160, 81), (160, 76), (160, 79), (248, 83), (401, -1), (151, 74), (160, 77), (160, 81), (160, 76), (160, 79), (464, 83)]
[(264, -1), (456, 81), (228, 84), (263, 88), (217, 84), (263, 81), (217, 77), (87, 76), (80, 77), (80, 76), (232, 74), (264, 69), (217, 65), (263, 67), (156, 69), (337, -1), (660, 65)]
[(480, -1), (455, 69), (480, 72), (480, 74), (2553, 76), (136, -1), (204, 74), (467, 76), (480, 74), (1848, 76)]
[(1280, -1), (303, 69), (320, 72), (3208, 79)]
[(960, -1), (251, 74), (217, 76), (263, 77), (1129, 79), (60, -1), (1616, 76), (88, -1), (909, 72)]
